50
5
-5,10
0
-3,34,-1,12,6,8
2
-3,34,-1,12,6,8
4
-3,34,-1,12,6,8
3
-3,34,-1,12,6,8
5
-3,34,-1,12,6,8
21
-3,34,-1,12,6,8
-3455
-214,-101,-111,-66,274,307,405,341,23,193,-500,208,-309,-189,208,8,88,-33,261,-394,13,-19,343,-74,237,-388,-70,-119,-385,-228,92,184,-444,49,130,400,-323,55,-384,-461,-280,-239,-274,266,-432,146,-439,-149,322,-283,465,-72,336,-491,-40,-192,347,418,-268,-383,469,-329,255,-285,-77,343,-411,-182,367,-334,-430,-463,-67,178,-22,-497,33,466,297,423,402,328,58,228,-338,158,176,418,-186,343,-314,66,392,-120,75,41,-256,-464,196,-109,273,417,-58,151,82,-380,-309,-476,170,-411,-336,-327,463,-297,-314,-155,-332,-11,-163,237,-120,-312,-209,30,-109,-206,112,394,464,-106,72,-446,177,368,-201,-80,87,-481,12,205,365,411,-50,198,196,-481,220,375,140,-178,-262,-27,54,142,457,-320,153,-113,342,-199,-24,-239,161,-436,-118,165,402,-352,-425,335,-494,-197,472,66,-144,-438,337,13,-423,138,492,278,-278,466,482,281,3,233,-358,-292,209,-20,205,493,-335,203,-145,-112,-200,-461,-317,-475,-176,297,254,-334,181,-168,-165,419,-186,-373,356,-167,195,-74,-55,66,-105,-231,85,146,-86,-1,-184,79,-362,-477,319,-119,121,125,-368,95,-188,-66,-402,-238,-293,352,362,-103,216,-382,-383,54,408,-119,-175,-37,45,-178,-205,-440,364,457,-483,340,154,-148,-496,-88,-43,414,197,22,483,253,457,125,-268,-307,-129,-379,-88,186,24,44,-217,22,236,-23,194,342,138,25,-159,-411,183,49,274,-14,-404,-179,306,314,-274,-184,-331,411,390,-480,11,-48,-91,130,234,-381,286,168,-335,244,-114,-305,-16,284,-78,-469,483,-360,-473,105,-365,117,-25,-9,435,-3,216,333,-285,-45,176,304,282,146,-45,-390,456,391,147,-242,-6,286,-114,488,-95,485,419,-249,165,261,119,-79,459,-12,87,97,-146,-109,-169,-282,-188,385,-379,-275,431,308,-406,-397,197,-196,329,-382,-230,389,292,-455,-487,325,98,453,-258,-378,294,-210,-492,374,-79,-157,222,-19,38,-73,-218,-400,-340,281,-466,339,-120,-437,-396,366,216,456,-86,-354,258,-447,249,54,-456,476,-234,-365,-349,-61,-100,-254,-205,268,-216,261,-266,124,-344,383,288,379,-201,-381,446,288,-437,479,-44,403,222,282,-198,-421,-198,231,224,-325,181,115,-322,87,-41,-450,448,339,9,225,430,348,-7,463,304,-11,349,-34,-497,371,71,0,-158,89,319,338,98,-186,15,184,-184,343,-437,48,485,385,-71,-96,-252,139,-317,464,-421,22,-58,-90,-20,444,-147,390,-32,-329,-257,-281,6,-37,348,258,-487,-448,121,-331,257,53,-35,-415,463,92,-135,210,327,-284,16,30,368,223,487,-422,-78,-388,-396,185,15,357,-311,128,-262,-100,176,54,430,-212,99,-39,-278,-460,-324,-337,254,255,164,-340,-340,-258,225,428,-284,-49,-26,178,-306,-160,-242,-198,226,329,-168,-15,263,-193,417,-393,-131,-121,233,-352,472,-481,138,-331,-180,-495,196,-268,172,-444,224,295,195,345,290,-267,177,-273,-215,-235,86,-312,-94,-410,269,320,-181,446,458,-317,-65,-362,-281,318,-77,-46,-493,386,350,-443,240,-94,-80,29,85,28,487,-448,-315,498,381,61,-243,-250,447,-224,-376,111,-456,-476,-361,8,172,24,445,-159,485,242,285,124,6,-308,49,-439,151,245,-341,396,258,-83,384,469,149,-283,-92,-291,53,-424,-493,319,56,488,229,-256,-259,161,441,-435,-484,121,-330,215,175,-168,-305,229,16,193,226,434,-342,-415,115,-362,-111,93,428,-239,366,265,-256,-436,340,-395,-226,473,-215,-4,-294,184,298,-182,-317,259,-323,61,-48,198,387,-248,-155,-67,205,475,-143,284,328,425,194,118,-175,288,17,-368,430,-174,386,-95,318,-23,80,129,-111,-349,-439,-36,-110,-92,443,420,103,416,-495,151,444,159,-252,-84
83022
-48,57,136,348,109,-71,-480,347,-205,310,80,229,-388,-281,486,159,138,-163,-412,-167,445,328,-300,-418,-224,324,135,462,-147,98,360,-182,242,95,217,179,-37,12,-384,289,-286,-75,44,192,-166,387,-261,495,56,235,377,-399,125,-211,486,-230,250,-379,459,-228,478,-260,176,-247,490,-244,286,-241,348,-239,-369,311,43,-93,484,475,-411,-203,83,127,485,413,-117,-114,13,-177,8,-137,-65,-136,-498,92,289,36,-77,354,456,-271,-496,-458,-434,311,-28,-48,484,-405,-286,480,304,-442,375,327,-146,-413,301,85,-468,-144,210,100,88,-358,273,31,-297,430,342,-361,-352,-308,-83,-28,204,36,-333,-201,293,324,-152,25,210,-318,-470,-105,-420,478,-89,435,-489,251,430,193,309,464,-413,452,164,-55,299,-480,191,163,-245,19,-56,368,-268,-455,-259,-262,-449,102,-449,275,322,-356,380,-316,451,-131,-398,-372,9,298,286,137,-132,52,-460,-26,45,-316,-51,140,429,-185,130,398,-83,485,377,-359,74,427,-143,-221,291,-10,-479,-140,168,262,43,-48,233,107,-213,275,98,-66,212,-364,-152,-209,-267,-429,116,467,144,109,-491,-72,-162,-362,-359,-467,115,452,485,110,413,158,97,-202,243,455,210,-148,-298,15,92,196,-479,428,346,124,168,120,61,-176,290,-130,204,-188,364,238,57,247,190,-90,72,461,269,446,-125,263,27,48,159,121,21,448,-136,-414,-457,-268,105,172,-233,-80,464,-418,263,334,-358,-409,-311,-10,277,330,204,-398,403,83,-29,-176,472,329,-376,376,432,-488,-27,307,316,350,346,386,-96,34,234,344,142,326,136,-111,-135,272,151,-18,-426,291,167,380,389,411,82,-323,216,492,-226,274,453,-447,452,-439,-371,-185,364,-406,74,309,-198,189,-276,146,-81,216,449,-274,-177,233,-240,333,261,332,261,128,-189,471,-14,-281,-499,13,164,397,-2,-484,-324,-291,-276,-273,-437,341,413,-261,-394,-341,-132,90,146,373,-223,374,-472,26,-253,222,280,191,-81,-125,379,232,392,260,26,-311,-301,-496,-101,-313,117,308,-340,-442,98,-362,-101,-96,-466,-485,-465,362,367,-252,-70,207,391,488,-191,-408,412,160,-202,250,16,441,-112,68,-380,160,-15,-109,350,-185,458,-435,-265,-311,-462,185,163,191,20,-172,-205,275,-88,341,-486,421,101,322,97,-480,326,-318,202,208,-427,-7,-454,67,-320,-359,-274,450,121,398,-68,268,-324,250,369,-11,-406,198,-375,494,114,-412,458,435,455,342,6,-446,19,-451,179,-462,-47,-277,342,274,359,242,-414,-62,-408,-319,-348,-57,467,-274,-208,-307,45,-3,-336,-176,-406,191,465,384,-438,386,223,177,-383,-440,-125,85,268,428,-78,-338,-377,-77,-334,-314,-356,188,-394,-363,-77,-499,-211,451,4,-263,-76,-342,120,158,-334,-13,199,-371,-352,306,364,-104,-316,397,-290,187,-154,490,51,421,217,428,262,-230,-386,90,296,209,-43,160,-275,-87,350,11,-324,130,-209,-377,-186,324,-59,237,-288,462,240,390,413,-410,42,2,299,239,-409,-377,-275,-259
-1334
382,47,-472,271,-432,-245,23,8,108,469,197,-487,236,232,-213,-466,-491,-446,137,-242,-389,-366,106,314,-456,-135,350,-435,-150,351,259,-68,282,-144,-84,451,-173,427,-129,202,-46,117,-352,463,-351,408,331,-378,-295,101,-49,498,-396,-202,-212,119,-272,38,490,-447,444,79,-402,-102,78,227,-28,347,-277,-281,115,144,352,339,-440,488,73,90,-209,-181,360,68,-497,-44,-115,287,-173,52,-82,-404,-294,-383,-51,492,-159,491,-186,151,241,-467,279,-12,434,-281,360,-113,-493,-205,351,-378,21,-246,-44,-105,219,-350,-79,450,-92,122,204,456,-316,-152,65,382,-214,-167,-450,-199,400,-314,-495,-204,-364,450,-115,-474,-229,53,-199,-263,60,386,101,129,254,-422,406,-253,326,-379,95,-231,-453,-251,11,372,-116,-462,-295,250,-24,497,-360,108,447,-88,-496,-13,-407,-432,126,-379,-407,99,120,-260,-438,463,235,-420,338,447,-30,-388,-241,477,238,220,209,-287,-346,-102,-336,-14,-160,52,-56,300,-52,39,-147,-35,-313,-278,-224,12,381,195,-36,-434,283,-468,200,-370,361,395,-372,54,378,-212,70,68,-491,176,-20,209,-154,297,-194,26,-197,230,155,-93,114,-492,482,-92,-68,-251,-5,371,486,-7,-311,75,265,-140,-45,4,293,346,98,293,327,175,-406,300,42,-156,-103,-392,328,-423,-143,388,214,497,407,61,-165,-349,-383,270,-180,429,433,347,-228,-340,211,-142,20,-305,-500,361,495,248,-379,-69,-236,-178,448,-93,26,-48,-81,-5,-343,326,46,308,14,-129,9,-324,292,44,45,486,477,-157,316,-424,-329,-470,129,62,309,-149,-416,-227,268,397,-453,-116,270,78,-166,-254,279,64,-5,470,-273,-30,435,151,257,-300,385,309,-483,-186,489,282,169,492,-325,-14,-29,-125,-40,-9,-459,-341,97,171,270,321,133,-29,85,-323,-206,-431,-121,28,-319,-229,0,-5,-87,318,21,-91,8,-1,68,132,-372,-127,-394,-66,153,-88,159,-419,-148,5,123,237,390,-390,-60,25,-495,388,82,191,-441,307,332,-96,195,3,-139,469,-493,-224,-236,-43,-412,-38,416,215,296,-65,-304,165,-335,437,423,-401,-304,32,211,-2,449,281,281,28,355,-218,-243,196,-70,331,275,322,-143,-48,-371,11,-283,499,134,-120,-382,-286,150,-41,-389,-27,-55,-413,-121,12,-92,-243,268,-438,409,135,-189,-295,-270,496,-71,150,275,422,373,-236,-383,-479,247,-406,413,51,119,-198,-208,-361,228,-104,-14,130,-265,-126,273,399,-64,158,-464,235,208,-424,97,352,-168,-466,-12,-416,-177,222,329,-288,-260,102,24,-267,-431,479,333,-142,413,231,-239,253,-23,-451,-311,-212,-139,-492,-12,-94,-470,173,252,-366,377,-468,234,-112,390,25,469,-409,-454,-375,-143,-469,-424,-15,-177,-374,121,390,-380,140,303,-438,-103,471,-458,-253,-446,429,-451,487,-453,96,-94,-320,-174,-257,210,138,77,-469,-197,360,-272,19,82,394,466,-266,-210,329,-60,413,480,-62,302,341,331,-186,207,-55,474,30,106,107,-443,-460,-430,229,-334,175,-462,364,9,326,-257,-269,-183,421,-266,-299,-95,202,48,353,315,-186,259,-165,195,85,4,220,297,-5,370,490
2756
-19,311,-497,-377,208,25,145,-308,2,-100,-447,356,229,-374,-243,-306,-396,-81,-272,-378,301,-7,-180,-257,86,281,197,422,262,222,-88,292,-183,114,-215,-263,432,-36,-265,-260,-228,-33,388,-83,-236,-371,0,79,47,-334,-222,-245,78,-164,418,298,-154,316,-365,187,-92,-242,479,-111,475,-412,-101,-83,-292,-434,221,354,-393,-450,-243,-28,-483,-226,69,75,-381,446,461,-312,366,-340,-151,152,-196,34,333,-25,-6,-363,58,-332,394,202,-161,392,-20,-282,-320,25,-357,177,425,-384,-216,-451,-72,-157,-25,447,-308,-139,97,432,374,-342,-86,-19,431,297,423,-339,21,220,396,-199,-406,-497,-147,353,-188,-388,439,-367,-484,-77,-427,373,419,-203,-90,197,128,-208,-436,112,-110,-132,-385,114,23,203,291,-232,69,239,-33,25,-211,394,419,25,15,-68,323,-469,276,-209,-81,385,315,425,325,-104,-448,-396,-497,309,85,-145,482,378,-329,-329,-244,-466,497,462,-247,-249,-271,-274,68,448,-349,-161,-44,-267,236,495,-4,476,157,315,-10,-478,-340,-375,53,271,-53,131,-29,130,-327,110,450,242,278,76,105,-373,122,388,186,-295,340,-232,239,443,417,-397,262,62,175,414,-424,200,-480,-295,420,165,351,432,-67,-57,-228,413,-431,186,333,245,249,16,433,-222,295,480,500,-356,24,83,291,-17,-282,238,-167,238,-234,27,201,158,319,151,-136,-3,-29,406,-244,352,-29,-119,-130,481,-428,235,134,384,-447,-397,92,-35,34,-222,394,68,-426,-13,-392,-57,12,-212,9,-373,432,-391,154,267,-333,-156,216,30,-367,-187,220,443,372,-452,453,391,-464,-100,-240,426,275,-243,191,-138,-33,384,260,-100,96,196,260,57,-122,-161,82,-212,322,350,-359,94,48,446,-437,281,493,287,-306,205,301,-476,227,65,-418,-334,338,-119,74,178,155,-215,304,253,-325,38,-59,-252,-450,-316,-114,496,65,243,-89,496,95,-81,208,167,138,-57,-28,-408,-184,361,115,288,338,-93,-263,493,14,443,-494,219,70,-190,165,50,-36,329,255,40,342,422,-355,456,313,466,-402,144,-255,-35,-173,-250,133,-75,-325,383,-226,147,346,-466,-353,-141,-81,388,57,396,423,-282,-252,58,-117,-430,294,330,6,-231,-187,-399,1,-3,370,309,448,-90,-206,-31,379,247,-449,-107,-21,-479,486,-159,-21,82,-107,-157,-409,197,-367,381,27,-188,-266,-336,217,13,288,-355,377,439,145,337,-12,434,394,-288,-496,310,227,437,-330,200,490,103,-204,-293,-132,-58,-136,419,152,76,-255,193,314,-385,324,-339,497,-470,497,-497,238,262,-107,198,368,465,109,-226,-400,-434,-468,-271,155,-477,134,-458,75,255,147,-211,-399,33,-390,-163,220,-212,246,408,355,217,-423,-154,390,352,119,27,484,-47,-426,362,11,-475,90,-334,-101,-483,-167,-112,335,380,17,139,-22,-193,-127,423,213,-242,124,-416,463,252,-103,84,-180,-288,413,-14,57,-284,300,398,-112,-497,166,351,-209,248,-74,67,274,-295,-391,36,-316,227,-276,414,-348,-331,-263,-226,-482,289,31,-103,384,440,28,152,-488,446,-115,404,158,127,125,-225,-207,500,171,-253,-211,396,-88,442,452,270,-309,-478,-488,464,463,430
8887
-184,381,229,267,358,-20,186,50,144,-257,67,370,-377,-114,-52,244,-309,37,-152,77,-160,141,-160,-445,482,-198,-282,408,136,336,4,-267,164,11,-320,-307,178,117,65,-467,-21,438,430,-401,463,297,42,229,227,-39,-384,-154,472,321,77,-27,271,-398,-258,-266,-266,91,-392,-414,282,-243,-177,249,494,368,339,-473,-310,-168,493,-214,-319,-242,277,9,417,379,-220,465,148,-151,155,407,82,467,-93,-123,221,-114,52,-370,-325,316,-310,333,-87,-226,-99,-489,-490,-82,-7,34,-230,167,349,206,-411,-323,-99,308,-330,316,-15,-373,-464,-466,-129,-277,29,461,279,131,491,341,-226,62,-392,466,242,-409,446,-403,117,314,290,-214,-429,-434,-69,-346,64,205,-108,-278,70,57,-442,59,193,395,426,412,275,-156,-230,223,164,-399,238,412,-414,12,-296,56,-257,253,-124,97,-321,497,458,23,322,-172,-195,334,-222,-397,67,-322,473,-345,-251,-111,-451,174,-311,380,-265,54,-391,486,151,188,479,302,476,-453,432,270,-41,-392,48,-98,385,63,397,360,331,-362,455,-273,494,-391,-452,-76,46,272,-274,21,-74,446,343,326,-266,93,255,243,-453,-388,278,-78,-284,394,178,-4,-77,277,-158,77,449,383,383,66,419,278,-430,-338,55,-59,265,171,248,275,37,-192,-261,377,157,230,69,215,-405,-405,-178,-390,168,214,-195,51,-195,-451,262,225,-398,-287,62,-172,-72,-316,-62,-61,451,412,-303,81,362,-50,-460,-136,-103,159,-386,-325,-30,419,139,233,-248,-172,-260,-426,-396,470,498,-34,231,379,65,-452,-365,-80,-89,-343,17,-346,278,29,-479,-120,267,-70,-80,-62,277,115,-401,-340,-348,-398,87,-399,-250,321,-71,-398,386,476,290,-274,227,-309,7,270,352,477,-487,-75,215,136,-11,-167,-449,465,-384,311,324,436,-220,468,388,-478,468,69,-466,499,-241,-30,383,-202,-291,-391,-331,-15,-259,-393,310,-112,498,-33,-439,62,-220,-214,-220,-399,411,-440,-228,261,-492,-436,-119,378,-70,-42,109,229,126,19,313,-469,-416,-344,356,179,-210,221,390,-91,373,-2,-192,444,-277,-289,-464,-231,-152,254,-223,448,354,204,-393,-318,349,-403,339,419,-314,-473,83,-40,-481,-174,249,485,-77,-189,384,428,-496,274,294,-423,-9,161,373,-257,327,-473,208,-184,70,-125,-434,-275,496,457,299,452,-383,-265,441,363,-180,-64,434,275,-339,331,-286,-17,-128,231,129,-279,-120,329,-44,-260,295,-409,2,-31,-209,402,-194,19,-198,-76,-341,-373,-3,117,464,-203,414,301,159,-13,172,492,-424,172,343,472,-370,-492,-299,-492,226,-60,-73,32,28,-62,339,100,-164,322,419,282,-161,-170,140,-292,-310,201,459,-423,-434,-247,444,72,-194,-202,384,-132,-434,138,-318,-338,66,-238,277,492,-418,241,-427,404,259,378,434,223,-132,234,-366,-392,-460,340,-331,42,-137,147,485,492,354,332,329,-66,-158,448,-89,-491,92,-289,-487,205,453,-69,260,483,-98,216,-93,-430,258,-293,-277,481,361,-130,106,446,30,61,209,348,128,-404,386,274,68,-166,-191,-98,227,220,-51,-225,396,410,-195,420,39,-107,471,-75,484,-280,163,322,77,152,-236,-392,359,293,-125,-408,110,-331,-37,-75
-1114
-453,485,-203,-205,184,-169,119,-44,-275,346,495,-406,168,31,307,220,292,-405,-163,-114,-351,-342,236,-255,480,295,129,120,140,214,-25,-488,488,-380,-430,422,-360,-161,-42,262,-402,3,-322,-320,416,9,-294,260,106,24,-218,186,-90,-464,370,414,-228,337,-417,174,-461,448,-329,364,-262,-291,378,-367,88,-395,467,324,72,121,-390,467,344,-392,-317,-54,-311,316,393,284,10,-417,443,395,-456,316,139,174,-132,-453,-131,336,-192,-45,-358,157,476,-102,238,-232,-25,-214,12,-383,139,277,140,469,359,423,-398,335,-300,-85,12,352,296,-102,127,149,-450,-344,249,-285,-77,-460,70,360,-134,156,-37,443,190,-69,-222,5,347,-98,-55,-411,69,244,-358,-34,306,-188,293,188,114,-266,-499,-83,-390,167,11,377,-94,304,-199,-325,67,-100,-114,-287,318,-1,-133,-394,-338,-375,-29,-382,303,-98,-417,38,-97,411,-483,279,365,452,-120,-380,365,-37,-280,-426,-362,216,-323,-331,-78,286,-170,242,141,72,236,208,-112,211,-74,-234,-310,81,152,-175,13,-326,-324,-63,-14,283,-223,288,-212,-110,-155,-127,25,392,86,250,412,355,-151,188,-39,210,450,-442,-1,-499,308,222,105,-377,-368,469,-371,153,-314,-214,168,406,283,-357,-430,118,-4,477,196,425,121,-35,-430,-130,364,-419,445,-223,-387,198,375,-176,405,-158,138,28,221,-133,-369,38,461,-105,-293,87,-387,467,437,-440,86,34,-276,256,476,-168,-96,-425,471,-409,336,-233,322,-263,388,173,-68,470,-388,-396,-186,274,325,-397,135,67,-153,378,429,-394,-439,419,-147,462,-462,-329,-20,247,85,103,414,494,355,-66,377,177,-20,262,190,-37,16,291,419,-192,-188,324,-64,487,70,156,253,1,-431,-133,-274,-233,181,415,-225,-410,64,379,247,-156,-86,-440,288,6,292,-187,-236,-387,255,136,-453,-166,-232,234,54,-458,-7,194,257,-348,-415,334,-339,-185,-262,18,446,382,88,58,-42,66,468,-427,88,-432,-388,-353,160,349,-19,-191,61,-75,-268,-103,-58,226,-55,388,481,305,223,197,221,94,294,-162,327,491,-488,386,473,-265,204,428,-141,424,188,-312,109,-444,136,-205,0,486,293,447,-12,-303,299,-348,-297,149,445,192,182,-23,-205,131,234,217,136,-365,434,-379,-297,356,-137,221,381,16,-496,-303,-169,460,-272,-127,135,-76,-292,-86,-206,-405,-87,-368,-329,-328,169,267,457,35,-402,290,165,-123,315,47,305,302,469,409,-5,220,-49,-152,402,-368,-183,97,489,-138,-403,-368,-346,-161,124,-111,-300,-105,-379,261,-258,342,-142,-447,184,493,89,-482,451,222,-379,237,-217,-307,-391,-441,457,-304,-310,-369,-141,-151,-484,-286,35,209,-142,-31,384,471,-254,168,408,-44,428,-102,53,-297,375,-12,-495,462,468,-199,120,-124,293,-265,-274,101,431,-490,-354,-442,-25,116,-180,-356,-94,-215,149,211,486,331,47,-318,-469,-134,-284,309,-471,-63,-301,483,79,19,-284,-175,379,-412,457,-152,-211,153,-273,-147,80,-126,231,-469,446,303,253,398,-310,447,-299,4,152
302163
-336,275,493,160,-384,481,-106,408,229,295,-157,-423,-181,-352,10,317,-457,157,-8,-385,-453,-85,248,-9,-479,376,-445,460,126,-146,-100,157,-22,170,-255,393,215,-387,-499,-326,-138,-44,7,-166,92,-244,-145,-422,-258,-215,105,138,491,-484,-69,-326,265,-107,359,139,-38,499,-98,32,-490,57,261,-170,-148,-441,342,379,427,-12,99,-268,-379,220,291,357,422,-371,326,-394,-303,-423,366,269,-240,-480,-208,-131,470,316,-472,494,-396,301,-396,-156,202,398,-89,-123,56,166,-2,382,165,456,327,-430,216,-333,253,391,-86,93,-423,-373,-176,-347,-272,383,95,-255,-481,446,470,-290,-342,449,-47,175,207,18,499,-495,-495,124,378,-434,488,251,290,-403,32,-443,295,395,491,-313,-243,182,-120,252,-287,438,-186,19,294,364,-193,437,-339,447,-197,314,-442,126,-80,139,374,-200,-274,-16,-249,-38,418,153,268,362,-387,-368,202,217,-256,-105,-311,67,114,16,-268,427,-457,-186,-318,449,-15,-114,-44,-337,484,-92,-338,-379,297,-459,39,-240,-496,-464,212,-2,278,-412,-154,-304,-498,140,-260,249,424,265,-9,190,164,98,50,126,-235,-372,161,-324,-282,320,-231,-464,262,185,-458,382,216,298,271,-104,111,-142,199,118,101,497,75,-356,355,-387,-175,-457,169,426,204,333,-280,272,-287,303,-455,12,87,-469,22,-377,-152,415,55,357,215,-162,-244,34,144,-220,227,65,-153,-53,111,-238,259,-402,374,-287,-275,-421,21,293,64,202,472,-94,-449,-484,-419,-283,-500,-127,330,-287,-40,-391,199,67,-44,-26,-148,-387,-185,-249,-22,50,-54,64,265,-313,96,270,-106,212,-338,-236,326,-115,-137,49,432,-74,-404,-424,164,-133,231,0,-276,209,464,160,-343,-8,-131,445,-159,-242,325,-25,-85,410,150,237,56,3,-194,-237,190,-393,224,154,16,92,-424,-261,286,-283,-213,182,-40,-89,-391,-444,412,-378,354,-92,-121,-311,162,447,294,404,6,79,35,444,-188,253,-395,211,157,-29,-96,454,-278,-459,-148,434,-275,207,-309,119,399,-228,-143,335,45,-136,-422,-189,216,-494,-476,-449,-1,43,-311,207,319,385,-120,248,-451,4,-470,377,-22,-224,186,-324,-185,-353,140,-306,143,269,90,368,385,-39,341,-103,-410,-176,-316,-235,263,459,-73,-424,-294,87,-338,-187,46,1,-493,443,346,-461,-288,376,-495,340,186,464,330,380,42,-308,-485,-216,7,446,-485,-14,405,-128,-170,340,-221,-100,-377,-115,-354,-189,-443,-182,-355,370,127,308,337,267,-100,287,-497,-4,342,-387,-63,280,-194,-295,-485,-203,-175,331,-63,446,315,-454,137,-114,32,-24,280,445,406,420,301,424,-413,447,192,436,-366,283,-289,-134,492,-454,-152,397,412,277,-140,-401,-453,128,240,311,113,175,-169,137,-190,-399,79,432,269,284,164,352,482,-283,204,-375,420,375,153,-128,421,-107,-321,-332,-138,53,188,334,268,-383,-300,364,494,61,73,-353,-121,355,-434,-387,169,88,-123,45,371,-90,90,-75,-377,-326,42,-102,-249,100,-202,-47,-399,64,-270,262,76,224,251,-77,-407,-41,-141,-160,197,97,-113,-21,-381,477,488,105,417,399,-188,462,377,-90,-346,104,-182,-25,474,63,-210,397,107,-264,-119,189,-424,-450,-15,83,-341,-470,-114,125,46,223,-159,285,-417,214,440,283,-313,102,-350,-406,-51,-149,75,-117,-276,434,223,262,-385,315,412,371,432,-439,-372,-308,216,-152,-304,177,206,441,-348,129,23,-427,-20,-247,481,359,448,210,-245,250,-324,-66,71,428,-349,-279,280,486,-42,151,-48,215,-318,424,-68,258,-417,290,-226,89,-326,480,-476,-406,322,213,-297,97,-172,-295,348,-88,360,-187,221,-99,-250,449,196,327,330,-483,75,389,249,462,-76,90,-340,-486,3,348,-409,309,193,-29,-168,-399,-486,281,141,489,-435,263,335,425,-344,131,439,124,390,-56,265,8,123,-310,450,-199,422,298,-239,86,-177,-423,-278,464,-443,-232,-361,115,-32,-244,-106,-134,175,-290,-227,419,-299,-489,60,-431,-83,-384,267,-75,-292,196,411,67,-412,124,17,-10,-82,13,-426,-81,-307,292,-293,102,407,-67,-136,224,-403,101,175,165,402,145,297,-397,315,-218,209,-56,-411,344,441,-189,419,-399,45,-466,240,273,166,213,-472,-117,396,-470,-403,167,462,416,-2,29,-289,-333,145,-292,-202,-224,352,207,151,365,-11,-410,-334,123,330,-247,-182,-81,-241,-139,189,2,113,-436,199,-66,305,-103,-457,-422,-206,-48,205,-150,59,-444,-66,-24,393,142,-415,-149,-140,-318,-243,-356,67,219,344,-32,-168,-376,455,170,-277,183,-417,450,-316,-31,33,-53,-256
-8115
-72,3,-301,-66,-420,-341,-7,-271,101,471,-27,-474,-143,-351,366,-448,-55,446,-334,-460,-110,-99,139,-250,53,223,-322,-3,172,451,364,28,-476,395,-78,432,329,-468,-98,0,376,-206,-10,305,161,-123,-494,494,-242,-10,234,264,22,-406,-378,-106,-229,348,-451,-178,-89,229,333,0,-268,184,4,247,-60,185,-56,154,-332,-88,47,-423,245,47,-401,-473,-228,178,-279,299,469,-403,-231,448,-418,477,46,471,-62,-84,262,234,274,201,-357,-250,454,217,-344,225,305,-79,489,-233,465,-83,-165,61,-395,-19,-353,104,-256,-201,59,392,-312,-194,484,-359,0,-313,-43,-200,-26,-302,487,-476,326,151,418,260,-244,-435,394,430,-222,-335,-67,68,333,14,445,-371,-210,-44,42,-86,33,-347,217,-167,-338,174,-288,98,86,-130,57,-362,403,-117,-250,201,-380,-256,-398,-29,-406,-446,59,-375,450,-28,-275,161,341,-196,-470,-352,116,456,-141,366,-46,457,388,495,107,23,100,112,27,-479,-383,15,-304,384,-323,368,-494,489,-445,-23,65,-41,-322,-313,297,-385,-121,72,-85,-402,-200,329,486,-121,384,181,11,-247,-132,402,74,-438,-391,471,-94,490,104,-13,-440,-343,-306,443,467,120,462,40,-154,333,78,-446,-41,183,89,253,123,175,-287,138,-408,366,226,245,488,207,431,307,491,-445,-337,339,72,-86,-202,130,381,152,137,-59,-498,449,72,333,296,-381,-198,-8,-108,-436,-102,-312,321,492,-236,128,372,-229,-176,360,425,303,-269,0,-262,-288,3,-233,-233,202,119,-492,-186,317,-496,155,-487,-219,177,206,339,-284,-415,471,283,161,263,125,-109,415,-437,33,404,-372,439,80,114,-76,147,100,376,44,171,-462,-82,-187,-374,385,-412,-250,404,-186,-234,431,230,387,109,-18,427,-413,-447,-40,115,-324,75,-43,1,-58,-368,-482,-391,62,-150,237,-162,-4,219,205,455,-403,-146,-340,-152,105,-303,-500,389,-346,376,411,316,-187,-207,476,205,-422,-30,354,435,-56,104,-88,211,330,126,185,-500,-265,-225,-319,-492,353,-415,-406,-283,142,178,230,265,-70,-13,-414,-82,-119,-321,-117,-328,165,-383,-67,-92,322,457,-76,-177,259,-22,-211,-276,153,-293,389,75,-223,-464,128,-16,-317,263,-492,-462,280,268,-359,-207,155,-376,337,13,169,-178,-411,252,-274,-90,488,-39,-163,343,-58,-249,346,-279,-487,-474,-20,165,364,479,455,422,-398,218,-454,13,-58,166,498,394,-10,-265,-96,335,114,341,313,216,133,408,-283,91,366,-88,-250,416,194,-131,375,283,252,-169,90,324,-247,-436,-357,-410,-10,-52,444,-380,167,-69,472,-293,-322,153,-417,-309,-95,23,167,-345,129,29,464,-224,-313,162,152,474,-371,268,-23,-36,111,-444,450,300,-63,-120,108,322,230,154,303,-379,256,-130,439,-243,-98,-385,262,100,-299,194,81,382,153,-109,342,312,-7,354,-75,-309,306,-193,-404,-476,38,7,-121,-289,-158,-365,-40,-157,-427,-33,291,467,101,-169,390,-263,496,-74,242,488,-92,-260,167,415,70,47,410,182,-343,-188,-488,96,372,264,474,456,462,-23,30,40,-160,-64,122,-403,-142,-136,219,-186,486,312,82,132,-304,375,163,-292,219,-163,189,498,-252,-276,-93,-171,-430,-138,464,-389,-373,34,56,-449,-385,262,486,98,-489,-475,135,355,-270,-301,-164,115,32,-268,341,363,454,295,285,297,59,-30,451,485,332,397,163,12,482,-62,473,-310,-158,315,282,-17,73,-71,62,-473,252,-29,-414,-302,-277,-228,51,454,-9,464,-75,-490,366,-500,-355,-383,186,56,-461,-442,57,-37,-427,3,190,190,319,-458,266,120,442,410,-182,-20,169,-135,85,252,267,-127,-21,491,88,199,449,-118,-416,447,-100,-356,-232,-21,205,-497,-103,316,-474,318,44,499,141,155,225,36,255,55,217,-86,-4,302,191,327,-194,453,-294,151,-398,-389,-233,470,-409,239,-472,-69,-396,-327,160,313,351,335,138,221,-79,-60,322,-231,-280,489,-180,-72,-458,-213,429,422,-98,-5,395,224,-206,57,-64,335,-455,-274,-379,196,-457,-349,-323,235,-426,483,419,39,-84,496,-98,-177,-479,-207,484,33,-302,-315,330,-143,-36,412,-89,106,4,-442,280,54,-327,67,-371,455,-281,-390,201,-32,324,28,-227,497,497,320,387,-164,269,-273,85,4,-253,25,454,-223,240,235,213,-488,-408,-324,215,-359,-11,276,-149,-16,-118,-438,-388,59,-265,314,-143,-427,369,427,-224,-142,-121,-252,-481,181,220,-77,-133,-3,349,-366,-351,-332,-2,138,357,-223,-357,135,-217,45,273,-492,-340,314,-410,-415,-252,-490,-392,266,257,-151,165,-47,20,-337,181,117,-265,-239,-284,434,348,188
-39018631
-355,436,-17,384,403,304,-253,-370,-261,411,-45,63,-219,403,-60,469,-197,311,-119,230,-349,-155,-14,-63,-43,239,352,-108,109,86,257,387,393,-410,317,-480,-273,-193,-43,195,-332,270,51,106,-82,-438,328,227,283,-5,-303,-36,-78,-148,350,272,363,-38,-325,282,370,300,265,-296,-117,-254,-424,-161,204,-174,475,483,-79,-216,82,92,-293,450,419,160,-27,-329,-216,116,238,-328,241,6,-328,276,-6,-92,203,-204,-315,-444,290,202,-109,224,-349,-93,-281,-151,-356,-58,301,4,-357,-31,401,239,451,330,186,-186,-81,-243,446,-163,243,457,202,-395,107,241,295,482,-340,-438,-308,173,-440,479,43,415,-205,41,-102,-182,483,89,139,-94,-305,-156,-48,-475,282,90,1,-456,-183,-129,47,-232,481,208,-489,-65,185,97,241,-44,-475,287,278,-213,372,-342,407,236,28,20,-136,-6,471,-313,50,-260,177,-161,-217,-6,453,407,-42,-414,325,52,31,382,-419,21,213,219,-286,237,-274,-128,-185,-118,470,381,-482,-243,182,372,-169,-29,64,-52,279,-107,409,288,-167,-41,-293,219,249,100,-94,465,435,-199,-276,-8,42,61,98,-493,493,-327,5,272,268,-476,203,440,278,-291,135,-187,443,-335,-414,471,-233,296,467,370,182,491,-318,-33,491,-96,242,84,-226,396,271,207,-324,-317,435,199,13,-256,-483,-283,-191,342,-312,158,216,91,182,-253,-231,472,391,-487,396,21,-402,-378,-453,450,104,-363,-398,-315,-137,384,-391,138,-251,81,102,292,443,-152,144,333,482,-89,-59,54,350,-443,290,-258,492,463,-219,22,-150,125,-21,-403,-309,308,-234,492,-312,-60,-400,109,499,-489,85,-102,-15,-23,-72,-375,120,418,470,85,149,-120,-208,276,380,253,191,-209,-161,-492,1,-19,-489,297,-276,-443,-282,420,423,-10,77,171,-457,-25,272,-136,-121,-174,447,257,-209,11,-472,-173,-129,-490,270,-247,347,56,252,174,-415,-109,-64,-232,177,425,-451,-498,378,294,-288,-381,-150,142,-213,84,301,133,86,-60,-122,-102,-445,-284,-173,467,-363,-314,206,-488,118,384,-431,277,-147,50,114,349,-312,0,-267,267,416,-164,-446,98,184,66,-163,-241,-297,-497,64,88,191,356,-340,165,455,451,41,492,-367,341,256,328,38,-240,332,-467,477,-275,431,-174,48,-492,165,30,-303,-425,-161,138,191,80,-133,53,-12,484,-233,380,49,492,-106,-463,-33,-159,-393,-33,307,-57,167,-483,2,258,-430,-225,-280,422,-302,298,232,473,-271,-493,346,119,498,-78,-442,213,-254,135,428,19,-87,38,270,-291,375,377,380,52,-77,330,44,346,455,255,-233,-371,-290,-275,-464,-465,-21,-468,84,114,-403,170,-331,-157,-270,116,-361,-170,433,392,221,329,295,-493,-499,487,187,183,-324,-264,-31,175,-94,-269,419,-427,398,-362,-219,59,-22,383,-55,223,-430,-470,-447,385,23,134,-433,53,-211,26,-86,-208,355,-257,159,414,-329,349,187,360,51,-497,349,92,400,-92,498,-243,61,426,251,-456,396,100,344,401,108,136,378,213,281,410,-304,-335,-67,-426,185,408,53,11,-128,-364,-78,443,320,377,330,-60,319,296,214,-211,83,-72,-420,78,-121,-62,371,-166,334,263,144,12,164,82,-220,164,146,-468,432,-368,-107,-490,72,452,-261,-101,285,-246,328,223,-303,366,99,-93,435,-26,-391,-360,56,-54,-267,134,-474,-255,154,437,-326,-100,112,-462,473,96,-250,318,-45,-258,-247,-61,351,-107,-225,97,-185,340,-132,-353,244,3,-419,303,-463,400,327,-106,206,183,32,-46,-500,268,491,414,-210,-123,125,-430,90,37,89,-77,-78,-133,298,471,-323,-26,-64,-398,-377,349,-36,177,444,368,458,259,-187,-107
35702
483,-425,21,423,465,350,179,-30,135,-379,-334,417,-95,-191,259,210,-285,-222,-269,-351,-193,87,244,-235,279,158,-215,-41,-161,-303,-134,-359,-313,224,-195,-497,-323,-470,-306,56,169,305,-236,184,-191,-218,375,-46,-9,-76,53,-343,-263,230,189,-32,370,-79,-419,-38,206,-176,-5,-182,-148,300,352,-332,-82,-81,-320,-479,-319,292,476,-268,53,-151,-424,-210,492,-114,189,-465,-452,159,360,334,47,-403,298,-48,205,300,-159,233,-412,-58,-52,-115,256,-170,-453,-61,-65,276,477,64,-331,-164,206,-399,50,181,-454,-138,24,-342,173,368,-352,327,-268,-205,-361,-41,-266,332,287,157,-168,486,-172,-337,64,380,278,83,483,105,-242,-400,-319,-352,322,99,-233,-117,-271,13,301,269,-368,-10,101,-369,269,-419,411,-243,-353,-263,-471,-64,66,168,335,102,-281,-194,404,-376,-283,-472,238,-43,-89,-458,160,192,326,-343,-243,-49,71,400,369,229,260,-99,-429,-253,-20,-381,-115,-287,170,432,-98,178,-335,256,-500,-290,407,-178,-310,413,373,-150,-80,187,280,-144,-98,48,48,-237,-212,-45,-22,206,-490,376,-18,88,-74,-304,105,175,-130,-292,-217,-190,-204,131,-140,86,-348,-64,116,309,328,-467,-355,-82,-489,372,-90,-493,-171,-54,-479,358,160,-34,125,-48,283,444,-399,159,216,-416,-68,36,117,298,414,-15,403,67,196,109,-24,306,287,234,320,-469,83,65,-493,-114,258,392,-273,42,-20,-268,461,-98,292,301,368,473,-227,16,-205,150,449,-241,-180,-356,72,461,365,238,200,440,-398,379,-84,264,-243
100717
-242,-301,-286,91,45,-223,-314,-351,259,109,101,64,71,-272,-441,5,-35,-199,-55,-285,295,196,337,204,-351,-301,-315,-363,433,490,153,268,383,36,-283,-234,167,34,-122,485,202,57,-234,-298,-369,138,465,417,-182,154,153,-452,190,124,133,467,-263,-413,-253,-217,-192,384,-371,-498,457,427,365,-500,-158,385,-308,263,-333,-431,-305,-164,-11,-395,-274,-354,406,-432,153,-293,67,-80,2,355,-246,-227,191,-187,-418,-232,-31,-498,477,437,393,-132,-325,-462,-406,-82,-321,-495,143,201,-350,301,155,407,260,-80,-281,-83,410,56,-272,190,-287,-149,-124,445,-439,-243,375,-401,-330,82,-140,488,-223,180,-93,150,326,109,-168,-28,-368,-63,-283,457,253,-44,28,396,-229,-360,298,228,-111,-239,244,-219,-150,-140,-46,-487,102,-457,-60,-227,-22,-213,152,-384,-467,387,-187,62,-396,115,-91,446,26,391,23,422,55,-296,314,198,407,98,417,-71,-29,-365,-375,-56,82,-383,387,-4,-479,210,-475,312,-316,34,186,190,215,295,-211,-137,110,386,-44,255,-305,-241,-278,345,354,358,15,405,283,-288,315,-4,-312,134,129,202,107,175,5,287,-342,-419,-202,166,-290,442,-55,-13,41,-261,-214,26,-317,-456,319,189,320,-223,244,269,-198,414,52,420,151,-101,449,129,342,-42,460,402,484,455,-412,371,263,493,-60,243,-288,-221,438,-406,47,118,-224,259,175,-145,-466,196,88,-397,-83,-165,143,-178,309,55,-170,-258,218,-418,-196,98,-364,-124,163,191,483,358,-279,-347,-317,146,-241,87,-57,-229,-366,-273,167,126,177,487,495,472,-210,115,313,359,70,-268,497,-281,33,180,-106,-21,4,-10,471,-414,-354,-299,-255,439,442,-463,33,-416,151,-327,136,-458,-286,40,10,35,-438,216,450,-86,136,-463,219,-82,-310,161,450,-98,-256,459,-184,-421,-70,153,282,-38,336,417,-84,21,-160,310,291,166,-259,90,-86,-369,-474,80,-375,-349,167,209,42,245,454,339,17,2,-403,-83,-310,199,224,221,81,-420,199,330,100,-96,466,-367,426,441,386,22,139,444,385,-21,118,-95,118,0,-402,499,-241,145,41,-485,268,-476,392,420,431,283,-366,3,500,-168,110,-247,341,346,-281,-18,450,199,-341,150,261,425,459,-477,294,-196,124,342,424,122,398,141,-297,-306,490,-308,-339,139,456,69,129,-458,-150,192,265,-119,192,181,261,91,-360,-304,-262,150,288,-169,235,-163,-56,220,-254,-495,-117,356,423,-227,278,55,-487,-155,-80,-395,-106,373,-236,-389,234,-284,69,168,-494,-170,-122,-5,346,51,180,78,156,-381,-262,-368,99,-207,-183,292,228,-410,-114,-477,-367,73,308,345,361,-374,-14,-48,118,460,291,-377,342,-5,169,-284,127,-193,239,20,-268,347,-135,67,-171,-295,-14,179,-17,82,84,-240,-79,182,192,414,11,90,-196,43,-231,145,182,93,236,341,-60,-439,-116,-381,-443,461,297,-38,-438,239,183,39,-295,-422,-97,198,-477,-25,-296,-465,-314,263,-473,-98,-335,-449,370,383,-54,487,334,30,-110,403,383,159,138,-383,53,449,-21,339,-195,84,351,272,-500,-275,-412,7,-136,438,315,240,249,107,-262,-4,41,258,-59,-112,-374,332,-164,-38,-190,-367,-219,358,26,-172,-238,118,-313,64,496,-11,423,0,-17,331,-446,480,117,384,-182,149,221,378,449,-393,-66,255,15,28,235,69,59,-321,23,206,491,-4,-213,273,397,388,-175,-405,-261,-457,-48,166,-375,-430,104,91,-406,193,376,46,220,-472,-99,-8,-23,-136,-461,-479,-125,-81,-104,437,131,-44,380,-466,-9,-457,14,255,395,-484,-252,456,264,-471,-227,-468,-306,-299,-302,-298,-254,21,-342,385,19,377,9,297,297,110,368,-370,61,-184,122,418,-416,252,258,46,145,-73,-20,71,-34,386,424,-48,-86,141,-124,-128,21,-444,-273,-319,289,-3,-364,-90,189,482,117,-377,-116,-293,469,168,-76,500,367,-53,-132,-107,435,-178,-143,68,-54,170,-346,-49,47,448,396,-365,-199,-185,355,-222,-224,-262,-247,372,155,469,238,-57,-132
-2064
359,-177,125,-259,283,320,15,200,-365,-73,-178,-73,-363,381,-83,230,172,367,-307,-245,-86,-329,94,-94,445,-206,243,-323,415,85,426,-256,24,-55,-102,-181,-280,291,-134,-428,-383,163,183,-142,437,-191,134,381,-26,-455,-497,345,49,342,-334,482,31,-408,-64,-184,430,-363,448,343,-163,160,-326,-174,484,499,404,-178,346,-139,105,-250,491,-159,86,-122,490,171,-331,307,-234,169,-296,-310,-96,-491,-26,181,344,-422,-285,-246,377,313,-480,-163,14,-252,-80,-363,-227,-432,-212,500,283,463,417,81,-273,147,-396,-8,172,-96,-134,157,-495,414,-35,-272,184,260,29,-405,409,397,79,405,-205,-103,-408,-194,143,409,110,-145,-492,494,496,-7,232,-243,-368,256,113,378,139,2,422,-499,-234,368,202,-262,-405,-328,-56,67,167,1,434,221,-31,476,51,343,-286,-246,208,342,-283,-463,437,-375,25,-2,416,-375,-133,418,-452,368,332,-318,181,-72,-95,372,34,-169,-467,-346,-203,-224,3,-54,-167,273,285,-227,408,-471,325,306,-367,227,-489,378,-385,-34,12,197,-307,-12,-55,-24,-298,165,-40,477,-277,18,-416,244,-302,500,-499,162,-340,-286,-284,71,-120,60,389,-463,-4,-135,-169,51,0,9,-89,-62,-252,53,-8,-105,140,-397,-394,283,292,489,-46,140,222,326,192,56,93,172,-52,-486,-301,40,482,471,-461,8,-162,23,157,-149,178,417,306,129,-92,-316,-223,-282,-407,-313,123,132,-407,75,364,323,-274,94,-416,-19,-472,-110,-376,-32,-46,342,275,320,330,67,437,-308,-351,-70,404,255,194,-47,-347,-70,-325,344,-301,-45,158,261,-283,471,188,475,-481,26,-160,496,-409,219,-86,236,153,-464,431,40,160,360,403,300,-373,47,-165,-32,-323,41,126,-460,63,490,388,193,230,313,-421,218,435,65,-84,-458,10,-198,495,63,63,-205,-55,-131,-102,-399,33,363,255,-137,415,-127,-51,183,-18,-199,411,-288,312,-140,-223,-230,195,43,-222,476,226,-262,265,152,439,195,-332,-121,-60,-267,248,350,92,-189,234,404,-155,-499,102,21,-362,253,-143,-168,440,-420,-346,6,239,312,61,-77,403,434,399,-397,-403,413,395,-388,457,209,167,-172,-295,0,-420,128,497,257,-140,23,-143,-436,-302,-498,-428,449,35,-487,-393,208,-115,281,215,-51,-70,-204,-490,-193,-135,-365,-318,-58,-140,-300,119,247,-320,-429,487,308,-1,-322,-430,281,79,-13,191,-350,-415,327,-312,-398,-427,16,-457,332,380,75,276,-79,264,-211,413,-192,84,155,196,401,253,108,41,-184,-251,-470,355,180,325,-106,6,-444,349,13,484,-226,368,-238,-426,254,93,-9,280,-4,-174,-353,-41,-160,305,418,-465,-86,-400,291,497,-273,303,338,-73,-192,60,183,-360,351,-443,463,-13,272,475,189,195,236,88,-134,450,217,255,191,-486,86,39,-446,464,178,-178,-60,-473,-245,-233,-123,-243,254,-33,-272,-240,-475,323,-144,-279,-141,-403,-20,344,123,168,-93,208,-65,443,194,192,175,-472,-415,-205,-403,11,216,-314,314,-416,428,-281,-215,-403,398,-265,232,-430,109,-397,234,151,362,107,-328,-439,11,407,-212,330,-283,-190,356,-429,332,-134,-230,-277,277,-198,-4,416,-110,225,136,-424,217,-485,84,164,46,445,35,-30,-441,-132,-362,189,280,-417,187,-16,100,10,-473,396,-200,-65,395,-500,129,-73,-117,105,-267,-120,-123,463,-174,421,-226,96,196,79,102,166,425,-133,-210,450,-318,364,485,381,-244,381,-226,83,465,169,315,140,21,-342,478,413,-256,-234,489,-356,-451,61,122,359,-140,-191,-353,393,-452,434,128,119,253,231,340,-387,-228,476,471,-457,-63,-223,28,-5,165,-124,429,-476,52,308,-133,-209,-1,-48,160,-56,116,41,-116,-341,-394,35,194,-407,-148,464,-470,35,146,-467,6,219,-174,-194,-194,53,155,-77,-391,-217,-181,257
1010
-450,414,-141,-6,-273,-217,266,-360,432,-45,-185,164,211,85,-206,318,370,300,274,-145,43,362,345,-302,490,-205,-341,-10,-436,-232,348,-49,99,-121,-398,-231,-411,480,56,78,-449,490,305,-327,-440,-461,-400,-101,-224,391,-210,-454,-348,-304,382,-405,-120,-371,157,-259,300,219,479,-198,-312,-300,484,-497,-452,242,-388,125,-182,456,-480,-111,299,-345,298,14,-351,-93,-442,-200,229,-337,62,-331,282,-33,-73,426,-76,-112
671
-304,192,-34,209,431,409,-86,57,260,463,368,-422,7,454,-386,36,-408,110,497,130,-453,289,-214,-468,319,160,-319,-125,202,471,290,-332,483,-224,-499,-175,5,230,-169,413,385,-477,470,-256,-82,-186,347,-15,402,308,95,-329,435,-34,151,-150,-480,228,-263,-61,-121,163,19,460,-12,481,345,215,-312,-460,-162,12,115,363,384,-233,343,96,345,-171,110,254,181,377,35,-348,14,-63,407,56,-8,167,-55,-49,-57,-232,355,22,472,-323,-169,-349,-192,-265,-141,-193,34,-280,-36,-175,-10,-132,462,-85,229,-439,456,6,-72,59,484,-84,429,20,-483,-478,-443,-57,-146,456,172,132,-323,-210,496,-277,496,85,19,227,101,-36,255,-267,369,-367,-230
849
190,-417,52,-48,186,-363,-305,-134,-391,-74,229,-46,227,-39,-108,75,85,76,124,-49,12,-495,119,57,-173,-431,-356,-265,290,360,-101,268,-254,-312,152,162,361,187,39,-349,181,95,-145,243,465,-379,389,-135,-237,3,-475,438,-113,400,30,-489,-54,-248,-370,194,35,279,297,47,-303,64,-386,472,-159,180,181,416,-184,-309,-473,-412,317,406,-246,189,122,-95,215,-197,-178,-28,73,113,287,-26,-33,-117,302,32,444,416,124,68,35,-302,-109,415,331,-193,381,-296,243,364,20,314,-10,472,168,-478,442,82,363,470,135,-65,499,436,-33,200,344,-178,88,-372,69,308,336,-81,50,-279,-218,357,-404,-421,-224,245,165,-217,-430,-297,-422,203,356,483,-439,-497,186,-2,463,-206,-245,87,-209,165,-98,-427,-127,-298,-143,-160,447,333,-353,-352,-214,-22,270,480,168,315,46
4956
224,245,-264,-107,154,-204,474,-432,-427,-392,480,-254,-184,-382,16,-233,-483,-216,-476,-477,470,448,-18,135,26,491,246,-419,425,-431,-354,-297,-295,-240,353,-99,-321,235,411,-254,72,414,-19,269,-412,-491,-289,432,-83,-98,-413,475,-324,92,395,-183,-113,333,-74,233,-295,-48,464,338,-467,160,-57,45,-404,-375,-269,-55,107,-416,95,446,-204,288,206,74,81,33,-280,442,-152,158,201,444,-266,438,-118,-181,405,-51,100,132,-417,-185,212,-406,258,128,314,260,-143,231,-458,146,78,412,-161,-365,-297,273,-226,245,177,225,-411,90,276,-47,-249,-175,358,208,-378,129,447,-488,-128,51,155,-29,-352,481,-172,461,394,-463,293,-85,-108,182,235,-113,-315,228,259,240,447,-191,-326,455,443,-326,-226,208,457,-205,-139,209,296,-445,469,-292,-366,-60,-90,-341,115,114,-332,-479,456,166,-402,-349,105,265,-321,-285,379,-316,-263,-461,49,-378,-383,221,164,8,228,-359,-67,230,-356,-429,-72,76,371,434,-336,472,414,266,377,-54,492,179,-98,-271,475,-153,-263,-101,461,-338,355,43,481,109,-250,100,447,330,-492,236,-20,22,490,-30,74,-500,47,-440,299,-245,243,333,150,-246,-54,378,41,495,-86,333,67,495,401,-159,117,410,-465,178,-45,462,286,-330,-10,285,57,374,-427,482,218,0,24,-389,97,70,-84,374,380,-283,-47,465,272,4,-205,74,407,-289,458,-51,325,216,-461,-81,-431,342,-289,-89,369,-434,-366,-461,132,289,-42,-467,-393,112,52,-235,398,378,-108,186,339,380,-50,-482,-391,-306,-409,-471,-316,498,18,203,-418,382,415,-56,312,149,489,-208,292,39,183,122,416,-240,294,-215,368,427,413,-434,499,55,-231,500,224,129,4,48,211,-340,270,-124,-492,266,390,184,204,-332,-473,-139,158,411,-16,-92,-230,377,-3,460,-6,69,-332,-409,-459,-260,-444,21,-375,-372,-303,-1,360,-261,-118,-416,52,387,-245,-184,63,-30,410,-486,191,-147,-190,-400,-10,-218,-330,254,-180,-236,202,-201,178,-197,109,492,-39,-275,264,196,498,472,455,325,-355,-71,-480,-284,188,118,-14,-404,-407,-161,68,39,177,407,488,-383,-457,-300,100,-472,424,101,-382,-178,-321,-247,390,-221,-482,-89,-399,-290,-75,-215,-126,-388,173,295,30,-277,-286,282,-172,-67,-65,-278,464,132,359,407,-207,-372,394,379,-439,401,179,83,-479,299,241,334,455,-111,7,-17,35,398,-147,500,112,231,-331,258,-154,30,-44,-182,16,-453,-489,176,471,254,283,100,88,269,-13,2,206,-149,-291,117,500,466,-330,9,127,169,141,-405,394,-302,-376,-138,263,-329,-418,200,-253,195,104,306,-6,362,-88,-309,64,-453,448,-73,450,288,305,-169,-364,-168,77,-498,-40,-307,188,247,294,122,-85,226,-390,318,-112,306,29,276,-64,402,263,-398,-314,-77,158,-1,482,190,343,256,-300,102,-232,-189,-500,-36,-137,-72,353,439,134,-260,-244,-332,-48,-443,490,206,-238,-294,486,-368,454,126,40,385,-105,364,70,3,-127,-9,-339,-345,-164,329,-180,29,121,-422,-201,177,-202,-492,322,-463,-260,354,95,-136,-290,-333,-32,-100,-123,-436,-157,97,137,64,293,-224,-377,414,24,-320,372,94,79,-417,427,391,-242,10,-353,154,-438,276,252,-424,116,475,210,317,393,53,-209,-441,135,225,381,-215,461,-398,177,204,286,232,-261,-7,137,-342,211,-190,-439,-490,243,-289,481,-375,-45,-232,301,235,416,157,-297,375,-491,124,-271,-150,83,-152,-432,160,274,-135,376,-285,-200,-198,9,126,-117,439,202,-274,-197,429,-240,-245,37,23,222,-496,202,-238,-24,-25,-288,-430,-141,-318,-415,-446,90,-28,-332,17,479,-373,-22,-5,348,72,264,8,250,-429,-42,-398,221,385,207,-35,-82,-478,-84,-116,499,-454,331,-101,-9,-318,73,-126,319,-174,-193,-36,146,12,-179,-273,-64,-263,-138,-220,21,-89,-113,-455,342,-277,-26,147,86,-375,-51,437,-431,144,-164,-201,-12,5,339,-306,-356,-70,452,-267,288,19,110,129,331,85,22,-467,-209,268,240,-419,-487,276,-461,-316,-470,6,-11,99,-40,123,-480,372,135,-282,-12,348,-444,175,262,-303,143,-70,384
2340
-171,-107,-304,-355,-92,-159,-313,129,-437,-217,-215,500,-155,130,-352,173,-64,-83,-92,96,256,-485,-168,130,-405,-308,-93,168,136,-271,-413,-130,235,-477,367,-185,57,317,172,-440,-364,-45,479,-236,169,-410,215,-58,266,-228,293,-250,-102,-119,469,70,-445,-146,295,340,20,-475,-212,-238,-470,47,365,-454,-240,230,-408,-322,-440,-300,-342,91,-437,296,-14,73,-324,-381,-164,-400,-233,373,424,248,-459,255,-254,-174,53,-383,18,-473,-281,-424,63,309,427,-396,-186,0,160,97,128,-142,351,499,-339,-161,109,106,-43,-31,-273,282,-8,-350,303,231,45,-75,-395,-359,351,-344,299,62,-407,284,40,-154,227,-381,-119,-157,-124,-167,-246,-303,-48,201,-1,-256,387,431,313,287,-396,-135,265,114,-458,67,175,-84,-29,133,484,370,-170,-327,353,90,335,69,-145,385,446,-365,434,-31,-433,-306,54,276,-469,35,-371,69,-294,425,-102,96,-81,228,267,138,81,-74,-153,146,-213,-48,67,-95,-392,-333,459,245,242,25,-4,215,-473,433,-100,-20,-405,89,-36,22,-478,340,300,469,419,-82,436,-324,468,-491,-67,-212,-318,-283,-52,147,135,-84,276,405,108,243,95,264,-293,-199,-287,483,164,-86,-408,-479,-225,-29,285,37,-344,419,124,-53,-391,305,-401,-21,488,104,449,236,384,55,-374,195,-16,-404,-490,337,-434,412,38,350,-123,422,464,439,-346,-364,186,-61,186,-186,499,-443,246,-173,191,-355,-148,-195,51,117,-402,-79,-401,74,132,230,202,-296,-66,-193,-416,177,-63,-43,225,59,-178,-231,0,-17,294,266,394,-86,-105,401,-415,309,-118,481,51,434,253,257,2,-233,454,352,-267,-11,464,463,211,-438,12,263,150,175,6,-99,74,-290,-254,106,-33,432,381,336,69,29,64,491,-348,-25,183,-136,-331,-318,-316,302,-334,-30,361,438,197,239,-467,401,138,47,-340,279,-76,308,-217,-225,-492,-80,208,195,-297,196,-255,-459,52,-337,268,-97,-210,61,-15,-483,480,-415,-449,87,88,495,-35,40,412,-89,470,-482,287,-91,226,406,-491,478,-356,242,142,-314,211,344,451,-496,242,-340,-357,-44,170,176,-95,-121,207,-174,371,-99,269,-304,211,-411,-231,-167,-251,-249,-202,128,-328,108,-398,-191,-300,244,98,352,373,-174,-114,209,-253,21,-423,213,286,13,310,409,316,11,-352,102,-297,204,-436,-402,-380,-265,218,320,156,398,344,228,256,-311,311,-269,430,-24,-173,-452,-433,495,-118,14,-220,361,56,330,-246,467,-234,451,63,34,-205,105,-217,-174,330,-361,-387,24,150,156,113,143,375,-500,104,129,-434,-196,-54,8,-305,-370,431,-24,294,-23,-64,50,201,-216,-399,362,-59,-425,138,473,458,-284,-285,145,293,-388,62,-259,-116,495,265,-140,110,119,-124,371,412,284,352,-374,-372,223,315,312,-340,-375,-149,-252,-192,373,-182,33,-104,-390,362,448,-357,-285,-434,-326,-141,292,-124,4,359,386,353,461,-368,-440,-191,235,429,-479,-433,-475,292,-249,215,-402,-412,156,383,293,147,396,-147,-18,-336,-112,68,136,-487,-350,53,-200,343,-37,427,28,-330,112,218,-77,189,-168,97,141,126,-228,-106,-285,-214,381,395,-486,220,208,-315,375,432,-202,-53,96,383,-257,-488,-374,-253,-54,433,453,83,-28,-208,389,475,-248,-401,-47,-67,360,-152,-413,-436,-237,-195,-334,-388,417,-341,-113,-200,113,13,3,-70,452,-130,339,56,486,-226,-197,70,-314,-272,-74,-458,464,109,-475,281,-230,-60,-469,-428,-313,-103,265,111,-291,-122,-63,-171,-145,-76,-8,-80,0,-304,51,448,-423,433,370,-29,378,-192,-496,-148,-186,-329,194,245,151,112,390,-21,-120,346,-301,340,162,-429,388,-326,-264,-310,-120,105,249,424,426,-381,151,-425,-26,-368,-5,313,409,-229,-243,-73,-377,319,145
4910
311,-462,-243,217,-354,-153,338,343,-420,-217,376,330,213,147,268,236,40,-311,145,-257,429,175,118,-230,91,-276,-187,-12,457,252,-160,441,-291,-55,-146,479,-387,209,-449,-42,139,472,284,451,-181,203,-145,-428,-358,395,319,427,-405,137,-399,417,310,0,434,-48,488,-474,165,-155,-136,180,343,-334,433,49,-279,-371,47,145,-144,467,24,-287,84,164,110,404,262,-367,-85,-83,261,-367,-447,-233,-390,47,-43,-7,399,11,170,210,-378,25,-407,-433,176,295,325,289,-8,-349,-107,76,-397,94,125,-361,-259,-477,168,413,183,372,112,-154,-81,191,-150,434,158,275,289,62,160,-229,-398,352,-403,-412,-260,375,-466,73,304,106,-310,-26,271,137,368,339,433,-415,367,-133,-81,204,-385,350,-348,324,-121,184,345,437,-412,-468,-421,214,-317,157,-248,487,-136,170,185,438,355,-240,371,9,-91,-217,181,-52,-37,-103,451,-124,34,335,-345,63,158,-411,-491,278,325,86,-83,118,-190,121,-166,124,-239,-467,-368,-495,-279,359,209,-124,36,186,143,212,272,349,210,472,-426,471,476,251,92,147,56,171,-1,309,29,117,231,271,305,-466,275,-340,47,447,487,-491,-467,15,183,227,111,93,127,-39,227,305,296,-58,-137,116,-271,402,357,87,384,-99,471,-342,44,32,22,-426,-445,133,-163,68,-122,-146,-133,281,451,4,255,-485,-203,239,370,41,107,-56,-418,453,-7,287,345,56,221,322,-139,303,74,160,301,-136,-66,-235,-341,-60,-258,-100,-167,280,265,-406,15,337,-386,-224,369,-330,194,-251,-448,400,-463,59,-320,-305,-289,18,295,-257,-10,200,-130,-193,-347,-105,400,-206,-69,-227,458,164,-180,-131,-34,105,166,-100,343,293,478,-364,-296,199,92,337,487,-318,-198,-345,-489,-26,257,304,477,423,-465,-457,-380,125,343,-275,-177,-319,-93,178,389,483,375,-48,273,162,-282,202,-374,258,-36,28,131,311,-379,408,-305,-290,-446,-356,-11,44,-316,171,29,-125,426,-119,-61,225,-168,-388,-393,402,387,351,49,143,-282,-302,63,15,-198,361,64,230,17,307,-131,32,-50,-275,-105,-239,-19,262,366,-390,-456,279,-357,-240,31,-174,-196,489,182,218,-460,65,-73,-246,90,446,-248,-96,492,-59,376,212,247
-66169849
454,281,267,-482,451,276,408,40,320,-331,-493,407,4,-203,-217,-404,-500,-200,476,-215,413,62,494,-429,181,282,279,445,485,-447,67,-399,-432,33,-241,-73,-335,-27,-254,301,-324,-97,424,415,-229,303,346,262,-3,52,-64,-375,500,79,131,-467,-316,452,-307,-94,219,86,-136,-186,93,257,20,169,-307,109,206,394,-440,107,-334,-407,-39,340,-185,69,282,-140,115,471,448,394,-140,208,166,457,-19,455,145,-337,-464,-332,331,-455,-435,96,-179,231,-455,428,-75,147,-378,190,308,-181,390,-449,-159,422,-370,256,-428,-55,-333,-144,246,0,-322,412,-294,169,-180,-53,-283,-87,420,253,31,45,444,-219,-39,-389,-280,-403,-363,-262,-121,35,-434,421,40,-275,381,212,163,-313,-62,-392,484,-365,-436,195,403,387,381,-71,-34,51,-121,306,439,-466,185,-33,-392,-157,-457,120,327,87,-345,-320,370,225,-331,492,132,379,-404,-199,478,302,427,186,-35,487,-237,-423,156,-431,261,-255,-477,-323,311,327,187,-145,-56,-26,161,51,-9,493,271,164,-364,-1,51,139,401,-184,-127,379,151,-435,194,-170,-37,-132,184,-211,301,-33,126,-79,-277,360,55,-476,-101,104,-497,138,463,-181,366,-500,-239,-243,61,210,-468,223,-198,438,-377,-4,-172,462,-147,240,-18,-440,54,284,427,-187,-129,-272,-223,159,-107,29,168,-13,-253,-214,313,214,454,301,-84,463,343,-449,-379,97,-393,389,129,225,149,267,-204,-2,-451,-391,-388,379,-284,434,-497,-474,-68,63,-37,6,-21,-249,-475,326,176,187,217,416,-102,-362,-44,421,430,418,312,-301,-308,-387,-111,137,-189,144,-315,-240,65,449,-430,265,411,-137,-387,25,10,186,-190,370,-123,-319,-213,192,-251,8,161,397,197,-280,-452,417,331,-473,190,-202,148,-218,151,-311,-396,281,-330,-268,108,258,-468,-93,487,-306,308,48,420,190,240,-235,472,-51,-75,-10,-185,215,91,123,-6,338,415,-454,-293,495,8,-279,-240,121,-65,161,406,42,-190,-482,-229,279,-185,-152,108,-367,-291,359,357,350,-462,138,-267,-56,-410,-371,-22,-196,170,-346,92,195,-219,-155,-264,212,-112,-69,178,-238,213,-19,112,-316,-84,468,348,-280,231,-15,383,-332,-283,-397,162,-490,-175,257,-167,27,-408,358,155,338,403,484,-270,361,-65,-316,-22,-135,406,365,48,-395,-400,446,-274,385,-130,-28,-410,263,-325,-450,3,-446,397,394,-179,-351,425,-182,-236,-213,354,455,354,-320,-127,-278,-412,-43,184,255,-460,110,145,204,453,-327,-299,-268,-474,-405,-108,-324,438,311,-219,438,209,315,103,-218,239,-60,196,-25,231,147,-216,468,-281,154,-383,-361,-208,411,-292,-404,122,30,-109,-37,48,365,268,-485,359,-40,245,292,225,276,-191,466,190,55,61,-334,467,-392,399,372,223,-476,346,-355,-381,63,-33,-421,-435,244,481,-381,451,300,148,-225,-449,-170,-105,400,151,-150,384,-486,-350,-173,455,-379,-446,260,-287,-50,-243,155,431,289,87,-327,-403,454,86,38,-341,-114,-41,359,416,-16,-461,104,57,282,-392,366,281,56,-138,485,162,-126,61,-228,-477,496,-415,-136,-281,314,-251,419,-13,-314,-385,-66,-188,349,0,-364,-227,-444,-325,412,476,31,-22,88,312,-105,106,127,396,-186,370,-488,-106,476,-168,-74,304,-487,75,462,-77,-215,184,380,150,-356,139,387,-82,-351,108,-25,312,-336,113,-140,-429,-207,18,-342,46,416,436,422,-203,-251,-372,408,-334,-182,-356,-283,425,-427,172,-320,-366,410,-273,-166,386,-123,-246,78,183,-133,-368,56,396,-408,-20,-108,-275,491,-494,39,-86,-465,-428,402,-413,165,63,353,344,144,260,-199,-130,-348,-321,477,-257,-173,-437,460,314,-194,341,0,-269,-32,376,390,-192,-257,-120,-316,273,-252,-152,328,376,466,-195,-126,24,460,361,393,76,157,181,-209,-390,-496,-250,-88,-112,238,-288,-147,380,-454,-110,428,-486,-309,-164,-18,467,327,32,101,77,280,302,-361,-433,375,41,344,-379,165,217,437,246,50,417,-311,-348,20,-127,-110,-43,-492,328,-495,-155,-278,234,98,-382,146,344,14,468,398,-185,-185,-209,392,248,-206,117,354,-251,-377,-411,-232,229,151,113,-75,-347,406,-33,253,304,-231,-306,-399,-106,319,225,-468,499,-61,277,89,-135,-338,-305,-69,33,-388,-3,-19,303,144,-283,-283,220,120,74,201,65,-384,-405,-455,-312,138,-486,-491,29,480,-474,-462,-78,-448,478,-450,279,-113,-221,233,-323,-54,-298,-387,270,-433,-489,183,-476,-285,49,-157,370,40,130,-208,452,20,-228,-213,154,85,211,-350,-189,331,-348,-438,339,-209,118,88,-273,68,-71,-289,-102,453,447,227,-70,279,-431,35,435,-126,-487,-266,-192,206,268,392,-104,-7,-258,-438,-306,118,302,349,411,-355,114,-391,-25,233,-66,-37,-277,234,273,349,413,80,-89,295,368,162,364,266,-454,-107,174,485,191
-3052
-300,466,-493,-289,407,-468,-300,-441,-414,133,187,-460,-384,400,-260,471,-112,371,240,-452,-249,28,492,-329,92,-443,-159,-46,-142,246,320,331,164,-462,-381,298,374,-196,-303,370,-302,291,337,-188,-245,41,158,-363,112,411,-272,293,146,-157,300,56,-157,57,-195,-481,-131,-343,307,157,333,-56,459,223,-468,114,-240,-451,-217,-424,-13,270,-343,96,-105,-264,479,-51,154,-148,-343,34,-37,438,101,127,-141,-71,-414,-15,-269,-244,461,-400,474,-333,259,-439,-133,-456,-43,-404,378,297,-163,-300,499,320,187,205,477,110,8,-206,351,-277,252,-166,481,439,-33,-276,44,209,41,214,322,-326,313,-252,-135,80,-349,-396,201,-221,-490,191,65,436,332,-470,61,156,-475,-416,417,410,395,-224,-443,-471,157,183,-340,-475,-277,322,-298,-150,168,5,-222,171,163,-215,478,165,-443,421,213,114,-51,-105,163,133,-76,488,403,110,-230,225,-222,59,-237,412,431,-5,-280,46,271,254,-138,308,-39,-286,32,-366,492,444,-478,52,-63,-224,-383,183,471,284,-454,256,-13,101,165,-458,-223,280,219,-346,338,431,486,241,-85,-485,-98,-473,-162,-282,-414,-458,-74,268,325,311,218,67,29,102,43,-260,-44,144,458,397,-273,-457,173,-338,-44,333,202,87,471,-492,-338,-182,227,-195,-435,-410,114,-144,-322,295,-270,-300,202,-216,234,57,384,-319,123,500,80,-328,-311,-157,-319,-260,222,-304,104,-45,-233,462,359,-115,-180,-399,235,-385,-52,2,353,-84,-120,-26,439,-117,412,313,242,-480,-110,459,91,-262,-492,-254,499,6,-289,-213,-52,41,454,-473,-438,222,475,-466,118,229,251,-390,340,-340,63,-93,-301,-386,328,-326,-25,322,490,-130,43,386,357,-263,138,114,-26,145,-93,68,-176,413,-469,-32,125,133,227,355,-183,484,184,-403,-224,-238,226,186,-385,-400,432,-455,-186,368,-59,96,270,215,-149,221,-259,-33,-463,-202,10,392,347,-306,-50,163,-215,-310,-215,-280,-216,-203,327,205,422,-135,493,310,-68,-207,193,319,98,-115,-348,-333,-27,-42,-453,414,87,32,254,424,202,444,-499,-466,-249,338,-327,47,-45,33,-265,-27,424,-85,-355,-467,304,-261,-400,68,-58,98,435,-136,213,-262,199,349,-440,-364,353,-454,-3,-224,-479,262,-178,333,-434,412,-260,300,395,-237,121,116,451,-499,390,-111,-372,121,393,-197,345,-58,-109,187,-460,-63,267,-22,280,-360,6,290,-440,-385,389,283,76,71,-76,-117,279,-196
72240
259,282,25,-98,-251,152,453,-209,272,-75,-233,17,-321,237,-210,268,-21,-82,-190,485,-257,209,198,463,-405,183,-302,77,-401,342,-322,-306,83,192,-114,-342,-299,-195,-69,361,439,22,-45,325,-193,-412,-105,-115,497,-400,-20,-339,-40,-182,-432,-281,-182,390,-194,492,20,-54,-32,420,-463,154,470,-114,-211,264,-224,175,-170,235,3,-233,-362,-3,-192,-305,286,-376,423,-222,147,-114,-133,466,-351,281,-244,-457,39,-359,460,236,6,439,405,138,128,-169,-398,-122,-120,-180,-327,-62,-61,175,13,52,-331,170,-480,-124,244,380,-371,-233,285,42,258,-283,-360,-297,31,440,-17,59,-265,437,-201,347,464,153,237,8,154,96,251,305,355,-262,472,-155,297,94,-143,89,-250,412,-7,91,278,227,347,-488,-116,-110,-301,-25,452,102,66,-498,325,22,269,-179,-71,-216,-28,-21,-199,373,-442,-429,-187,-409,-6,-179,-258,-456,400,368,-205,393,-278,472,42,91,-120,-131,-461,210,-41,-348,244,-205,164,191,-449,-242,-347,-224,237,65,116,6,143,-161,188,217,223,-365,473,-192,232,414,-201,5,251,268,-325,-440,221,-145,399,468,-156,-451,476,-57,-202,146,-2,36,497,-196,-192,-377,109,360,340,-99,341,-341,285,-423,262,-493,362,473,-330,-352,93,366,255,-345,-263,101,-109,27,-374,82,24,-79,402,130,194,-131,-201,25,496,-250,-257,95,491,240,-135,-65,-83,-298,-153,156,-102,455,230,418,-118,429,-66,235,-18,64,88,391,-295,297,132,-237,-206,-330,-91,241,-116,310,-485,114,108,406,-464,481,-162,120,-366,23,225,-139,382,-75,379,-486,456,372,-186,-268,-71,-327,216,435,-457,-60,91,-483,162,169,-344,185,-104,8,-67,279,184,-421,48,-227,31,464,158,-332,-356,458,-435,-118,30,-316,-425,411,325,-406,-495,70,-497,172,-374,221,392,-317,64,-199,338,476,37,-57,72,-309,-357,246,104,288,491,-307,-433,-206,61,29,-403,328,-261,493,-333,-466,330,144,167,-102,-175,-2,-299,-177,-499,-482,394,-155,312,154,-168,428,-137,180,294,311,15,362,117,-340,500,54,184,-285,-469,86,-285,-165,279,-97,246,390,135,-329,-481,-112,-495,-201,393,-358,494,138,317,272,-95,109,-355,-450,86,469,320,-382,-346,-333,290,19,45,294,-489,65,-469,-236,-137,316,-183,410,-252,434,195,49,-13,-325,265,-117,-6,-493,-327,-44,-39,214,217,-413,-403,385,218,14,-497,466,-81,-149,95,-117,19,412,-380,170,-19,60,-198,-194,-319,-392,35,326,-254,418,-408,22,-45,182,-347,-115,-235,-397,-289,-443,465,490,462,-118,-156,-265,-252,-156,-156,-178,-326,-464,-69,492,278,-498,-398,-221,-430,283,287,34,-229,-63,-321,-499,-317,-49,404,14,321,-96,376,-102,139,253,-60,-12,-104,297,275,-95,192,44,-287,372,-9,-485,324,480,-258,-438,-439,144,5,350,7,-28,-44,-428,308,-238,299,-402,462,-210,478,-482,-287,-41,-84,40,-79,143,-390,78,-193,35,488,-9,-219,-146,-410,-35,-165,-91,-98,-401,264,101,186,101,436,-173,423,249
-75343
-229,256,-346,382,225,-229,-153,15,-68,128,-148,-145,363,461,-50,114,-117,432,-182,416,126,-289,-78,457,387,104,286,-187,463,-422,181,-141,139,-194,-247,-367,109,290,-499,13,-390,-283,-225,-127,-159,-453,-456,-111,407,230,85,256,192,52,-177,342,-30,21,-392,140,-66,283,-260,292,29,307,-376,-382,-316,-341,353,154,241,126,-373,380,-133,112,-341,497,224,-281,-219,425,41,23,148,476,-218,33,109,144,-371,-107,-339,462,26,-471,-212,348,-157,-420,-209,-8,-165,476,-184,450,-34,299,-438,-132,-214,124,-199,-163,6,354,145,272,373,-219,211,117,453,-303,-343,124,200,-276,-199,-470,-78,166,215,-321,139,-97,454,-26,24,-405,-182,-63,-382,473,-274,486,-269,-127,396,319,-50,-392,19,459,-227,-183,-259,-171,174,262,-174,-111,212,38,212,444,-8,-207,389,340,371,-314,-443,-381,-438,15,87,-175,-453,-185,293,491,433,437,-108,-460,323,480,-137,-359,285,186,250,-165,56,-48,166,-354,273,336,133,-187,390,-426,389,-468,47,206,369,24,-199,466,-26,204,-351,-453,286,11,-61,-12,-473,230,-53,-474,-459,347,447,446,35,-264,337,285,-378,290,-258,104,79,-432,-172,-162,270,-234,-428,-80,-68,-467,-448,-336,-248,477,291,208,59,-272,3,177,-53,211,-75,-62,-149,-10,-263,354,-133,131,438,350,390,-423,11,-9,-209,285,-132,-7,3,166,-353,-108,359,416,369,122,-77,-134,283,466,-409,230,-250,473,-119,246,-160,-408,-395,-421,196,123,169,55,446,-353,182,-113,-318,-327,-110,-94,66,-357,490,-394,-17,-400,-57,478,312,391,-469,22,-257,369,172,-120,-308,-301,-8,358,-194,-37,-478,-127,413,365,-51,-219,213,-269,-30,-460,-147,-279,148,-279,-368,-143,249,-88,-381,213,-202,486,-52,198,-322,469,33,-465,-338,-93,419,-18,-93,-72,-467,94,345,75,-282,365,-439,-167,-108,157,-49,430,123,419,-330,270,-53,-432,-164,-383,-190,-228,117,371,409,-179,-231,-337,-51,144,332,-157,-438,25,63,399,392,-51,-280,-158,-333,451,475,-404,-328,180,-149,-52,-14,-206,379,469,91,429,378,176,-48,115,249,-402,70,102,-76,263,368,440,-429,-140,449,321,-442,-313,493,-449,-422,136,64,410,-107,364,405,-246,277,-94,-223,-198,425,215,-416,337,-38,468,61,-264,-9,-322,-171,-415,45,-164,-104,468,479,-358,-246,-61,499,-349,-123,-197,-44,82,-55,-100,-94,-33,20,-408,148,-383,-342,204,0,-429,-294,285,-452,319,29,497,69,482,109,201,171,-101,-8,-167,43,199,403,-330,372,-489,-359,358,-385,427,-251,494,-283,-254,314,-166,165,448,-329,-301,68,379,-197,-339,44,-214,382,-208,137,-16,-6,485,-123,-84,-126,-255,499,-78,-26,-68,-477,-220,202,447,-210,-32,-493,14,167,158,-217,-240,339,-39,-165,-438,192,-51,87,-343,269,-326,429,-293,-158,-149,-23,-417,394,-370,-102,-135,-124,-235,322,-196,386,465,244,-123,220,-495,-137,-376,391,49,102,-74,-429,-467,-218,72,-24,-203,172,-387,-196,19,-6,484,372,226,499,313,-80,281,-79
2502
-383,-177,-301,197,-90,356,-388,454,-296,455,442,-299,-137,-290,-275,441,228,345,136,-214,459,158,261,-378,25,315,449,-115,-143,437,-216,-339,-477,319,272,-54,-373,98,197,43,403,-245,-32,421,-330,-304,-166,490,8,254,-78,6,355,77,-171,98,32,186,139,-305,-238,415,-445,-305,387,151,222,490,52,236,-471,96,-194,-436,-399,437,-345,296,14,-24,-198,46,-81,-493,-163,166,256,63,-406,-229,66,103,485,-23,353,-431,-360,403,-468,160,316,-247,-445,388,218,172,-259,182,-148,109,25,332,22,369,-123,-374,17,67,238,-381,470,-247,201,19,163,-334,390,389,-499,21,177,352,-270,-85,-477,-404,92,187,359,278,153,408,488,-145,54,-439,165,-43,-150,209,300,-417,379,106,54,-131,185,231,-285,457,258,-304,306,245,-19,246,-395,137,374,-85,-209,-373,-21,-209,-334,-463,-229,245,-427,-69,224,143,2,-428,347,108,92,-67,-55,490,54,497,-182,-26,-495,-478,-216,-187,151,74,129,-396,182,39,219,-394,30,264,463,-323,194,-164,125,-284,-277,-419,369,112,-372,-157,143,-218,264,268,-147,70,442,196,-89,-276,-91,-12,-232,-37,476,454,-142,251,357,384,-199,-108,381,106,-223,-226,-64,-294,-433,307,-93,0,352,235,486,-4,-358,-73,405,-406,224,108,-379,57,-346,-249,344,349,-223,-304,-384,-337,-291,-403,307,6,491,-368,-275,286,-101,-470,-373,-224,-55,-467,11,-247,-62,-440,-117,234,-253,274,465,470,-105,-45,-481,-494,-140,-342,13,145,-141,404,-148,184,478,150,-351,-297,-265,234,-14,70,-5,165,-478,235,-128,-21,332,75,-155,74,389,-81,-470,281,451,176,442,315,269,-81,478,37,-160,-71,-317,117,88,-285,0,341,311,-30,74,280,-40,-28,-329,-312,-491,493,366,-93,62,419,-393,-87,-23,-5,-29,268,-331,350,-319,-273,223,4,-333,319,-308,-425,-133,-284,-401,-300,96,186,-280,254,-342,-71,5,-423,-211,-480,-42,348,323,-335,-369,80,173,-492,-91,450,-18,-103,95,310,-203,-15,84,67,-135,81,112,-340,62,-357,-172,62,-275,-195,491,-74,-176,-146,-26,54,151,-289,497,-132,433,-426,299,-313,-435,167,-221,149,-265,460,443,190,464,287,469,-159,158,368,-6,71,-124,305,-130,425,-231,135,258,2,172,-443,-228,-492,202,-383,-219,-419,-305,-486,234,72,-236,-51,-206,206,-21,-258,360,3,-172,-412,-499,-207,410,115,-258,458,15,-291,-288,-152,399,196,52,-440,-355,426,-467,257,-372,-168,200,-423,259,183,260,-108,-322,-338,217,411,362,-336,117,236,460,-341,-297,443,91,-88,430,377,458,-26,-387,-249,-467,73,-1,165,24,-62,-90,147,-451,219,-139,-406,-41,313,491,163,-16,-343,-85,189,-139,-452,-191,-24,-477,-58,321,132,-199,-358,268,-470,439,106,188,-137,7,296,467,-348,284,23,361,-193,-66,451,196,65,-229,-171,-105,-285,25,-244,478,-426,32,-342,-406,377,202,194,-166,-13,-41,-390,-39,-302,-265,264,-461,-390,270,-425,272,174,68,-311,-3,288,473,17,-337,407,-443,-293,334,-222,-174,440,-407,-112,83,-429,403,157,-353,360,272,-268,-64,52,356,-76,385,-179,54,310,-448,236,327,377,199,221,-324,463,-395,-226,-432,145,23,-265,-130,22,-488,-217,310,176,88,51,-16,247,11,448,-302,-370,231,-243,-48,-175,146,135,-275,302,-117,400,-131,334,-49,-177,-140,-278,155,315,149,57,348,437,277,433,234,177,294,415,-37,-453,-185,456,339,-241,467,-148,-408,-488,-232,380,-296,393,-483,149,496,-349,325,-163,179,243,-93,423,-29,-417,33,338,206,289,-441,-282,-426,-203,-209,-249,269,136,402,-138,421,107,355,-203,-62
-48420
218,-355,319,-92,-386,-442,450,-99,-26,-112,-230,-357,389,32,-224,414,-51,443,-252,180,185,-357,444,-210,194,-426,-342,-424,-46,-92,368,-321,-307,-342,-179,-327,-243,-235,-58,-361,-375,478,169,283,-500,-238,394,106,458,-128,-94,-263,-329,360,-499,404,-18,-451,98,487,-47,-272,137,-302,-463,115,343,-189,-4,-22,-487,-131,-243,178,-424,-162,441,-202,-423,-168,206,311,129,-164,213,307,-143,490,-169,159,-271,474,-247,-350,-389,413,294,75,312,-317,-7,469,361,-235,315,186,-203,-213,228,-239,-261,-373,3,197,-349,223,-377,-261,109,-339,101,-277,317,474,-102,307,-16,261,147,-253,198,-284,347,134,-377,360,216,-215,-275,213,-348,-3,158,383,81,-291,-470,-109,-426,296,367,-500,158,-100,213,-321,-109,-239,32,-195,-472,277,490,-362,226,106,59,193,-388,454,492,-367,-406,-368,55,-390,-296,469,-164,-441,358,-53,223,461,411,-265,-353,-151,-154,125,170,284,-440,416,400,-451,229,-357,-412,-491,-482,326,-301,97,-85,-354,-394,-452,114,10,-153,456,410,81,-67,-114,-284,-264,-33,-446,134,-417,-234,358,334,-298,-81,-351,-29,361,-275,76,-304,133,-386,84,288,-156,257,119,-112,134,260,206,413,-152,137,-321,206,296,286,399,22,-17,68,318,-382,489,-326,-440,-352,-307,-292,161,438,-117,-88,-113,478,-425,-30,-367,232,178,447,-282,166,-290,-292,-437,-68,-170,228,397,378,377,149,106,192,315,362,3,-20,-184,-90,32,-300,429,349,416,394,-384,500,150,144,19,-343,480,236,272,-230,358,-321,-17,449,183,-458,199,227,-130,-89,19,-386,447,406,276,419,-137,-418,-403,167,-357,-119,-297,-499,-455,-374,376,367,159,-282,291,-248,242,265,-255,-114,-244,16,473,184
4031
470,-35,-276,124,-377,31,330,-69,50,421,-372,-148,164,349,-84,-279,294,-148,-161,-252,-234,451,210,-40,40,471,364,398,432,126,248,491,-134,169,181,255,-404,54,499,62,-276,-276,248,299,-190,-345,-324,308,-37,393,269,371,-38,243,-300,407,139,180,-76,-325,-231,-7,-284,-77,489,-205,305,213,294,-188,284,-177,-162,-455,282,-446,386,498,-60,281,380,148,-196,-69,-194,-200,290,448,407,-58,212,154,395,-10,-307,229,426,74,129,-497,224,-271,-428,-431,242,364,-16,82,207,416,120,141,-124,349,-84,198,-373,282,-282,-39,90,-116,93,48,347,-481,-343,-440,202,-433,116,-341,426,-15,-402,379,-28,-69,452,255,275,-122,498,0,66,-44,464,471,-58,274,-341,-136,48,348,251,-224,140,321,-2,-482,-235,22,196,-458,-414,178,-147,-38,-107,466,-285,-263,-263,377,-54,-236,163,158,-11,-32,-390,252,442,-131,91,-293,-451,165,-498,-493,40,108,-79,-433,-472,144,-41,-112,219,-418,468,-126,-131,-105,440,301,-66,-139,-112,21,95,192,-461,125,-29,-422,383,275,430,107,383,-443,-298,478,269,340
34593888
-34,-187,-476,-65,101,246,-423,33,-324,354,-339,457,-187,-254,426,-430,-182,-288,-278,263,359,-298,263,-350,215,421,500,193,-37,-146,-168,181,425,366,440,-264,212,111,-479,394,-7,317,130,115,392,473,402,-396,-426,349,-122,374,335,-31,-292,-105,-66,395,286,-4,-355,-440,490,155,-222,-434,438,-297,-257,-344,-290,149,-122,-236,346,-358,472,140,27,-333,-388,326,432,-232,-379,204,398,104,470,-203,-248,-252,-142,-108,455,-384,127,314,-465,450,321,221,134,-258,128,367,-42,422,-499,387,-398,-65,-424,-438,-480,20,33,351,441,245,-74,-460,121,377,331,236,-481,423,-443,-142,460,-269,-230,409,77,-176,249,-445,-24,-444,90,375,-216,-428,-156,279,132,-205,179,-453,67,-463,175,347,372,391,-411,-498,-383,-126,7,79,2,201,-200,224,-214,316,41,326,-304,232,-448,107,299,354,-133,98,-62,-216,286,90,259,-30,353,39,-399,-130,378,53,6,-81,238,-137,-145,-20,335,-262,254,-361,-472,-130,164,-472,-193,-471,104,-10,-251,-397,-406,-356,-400,-351,-391,463,-210,-342,351,-193,412,-437,222,37,228,-271,-197,-295,396,328,384,-491,359,-241,339,196,-132,-163,-276,-8,-14,179,-134,-388,-133,-366,-243,-116,-124,145,286,423,348,-317,-362,220,-169,94,-60,313,-484,-494,-248,66,-327,-194,283,43,-9,7,-426,-381,406,276,58,124,489,-407,381,275,-456,-165,473,385,-463,-433,-33,-133,-295,-66,-101,82,29,-44,183,319,91,168,39,338,-374,88,-15,444,-21,-314,-322,35,426,-34,357,363,-150,-157,-303,308,-432,-475,-96,-226,-269,-151,-161,-287,-231,72,173,-200,221,-245,373,159,197,250,-87,-75,-80,164,-4,232,-128,428,482,216,-254,471,-153,-76,328,460,-224,-200,-294,307,195,370,-338,302,212,-26,-171,-59,302,-243,-385,-328,54,-483,168,-284,380,147,-7,-408,385,198,-326,345,321,-474,-291,246,-423,411,-395,-23,-132,-269,-238,-344,160,-378,-304,-343,-69,-476,-478,265,-67,97,417,354,153,-184,10,-18,121,359,225,83,-25,-57,84,-141,94,-187,-280,89,62,489,-322,-98,-387,388,426,263,-77,10,-254,451,-280,167,-416,-53,304,-385,12,-254,284,272,-90,-423,-211,-71,-304,112,9,198,311,484,-181,90,121,-74,-213,-185,-347,181,-409,-149,-210,181,89,277,455,329,396,242,-228,-423,-434,102,-368,254,64,-220,14,-88,256,-121,-35,487,307,-403,143,-347,-236,-131,338,-475,-140,-350,-172,319,41,399,136,420,-358,-112,-308,298,-86,252,411,-396,32,-159,200,217,-474,172,-63,-243,499,119,-332,-420,45,-370,-69,204,-240,-372,-319,-456,-157,437,-452,209,358,-171,214,-138,288,-376,-278,-478,-304,129,-444,-119,314,-8,-272,-186,294,-262,-141,476,-13,-436,393,468,-438,-162,-175,34,309,-403,-425,305,-82,-405,-197,-41,303,-129,39,-252,309,-349,-290,441,-424,430,500,162,-137,-314,388,84,-70,407,394,-302,377,307,69,109,-252,-310,-18,-132,442,-465,498,-186,129,-465,-264,-178,-464,365,-255,7,399,224,33,-394,451,204,477,239,-317,253,53,429,-384,-33,265,285,253,39,-106,215,-265,-14,-283,495,97,187,-492,-7,-493,-335,107,-28,-109,-445,-178,280,-56,-76,-252,111,465,339,486,-496,467,-243,-381,-410,-274,18,-141,-377,482,-176,-452,350,466,167,-467,318,-80,230,209,21,249,149,197,-11,-285,334,-133,-345,-113,-444,262,-47,445,-198,341,128,-369,60,-313,-492,-276,243,-169,-296,470,-86,319,-426,31,460,266,46,102,-301,82,347,-262,392,205,420,399,366,55,66,-486,470,-273,305,475,115,-89,42,111,365,200,-205,56,-236,-495,205,22,-436,-385,-462,39,-258,-417,322,95,424,223,220,-300,351,2,197,-107,-40,-315,-481,45,276,384,-247,440,-68,142,-214,348,-155,-173,-82,246,-105,170,235,-492,403,296,409,-311,431,126,-472,310,-285,136,-477,262,162,-103,455,424,-47,416,411,195,-13,389,-211,-342,-446,-443,19,-399,-102,143,-38,-493,31,318,-31,-488,53,-179,394,-454,124,-149,1,-467,-423,-270,-331,375,43,224,-190,155,-144,-269,304,230,194,-39,-381,-99,393,-22,179,158,-483,183,226,-123,242,-69,-11,148,400,-78,-256,-314,282,210,-144,-87,410,59,-226,-398,-254,382,388,-99,89,174,206,326,-282,75,-274,-55,77,335,-215,-173,-470,426,326,-242,473,72,-408,482,-124,391,276,-85,-162,265,-481,298,-205,140,-266,-114,-241,-255,-387,49,22,-329,269,79,-431,-112,205,345,233,-306,-101,425,220,20,338,-211,-65,409,449,-70,-322,-294,3,304,272,-492,334,-355,-82,-135,201,118,147,-121,494,-280,231,490,-131,-96,-74,442,189,134,379,84,357,90,-322,33,-279,253,420,-180,317,-299,-312,-94,-437,394,-162,-135
100402
218,203,452,372,211,-252,-276,52,-216,432,42,-426,313,-483,375,44,-133,198,116,273,156,161,-394,-391,244,-135,-291,390,-317,-191,56,-117,103,177,-486,449,378,415,358,159,123,225,-145,-122,-225,-81,194,-136,-461,412,194,-380,-369,200,-332,172,-396,-455,372,183,-437,15,-252,289,-95,68,-301,284,-341,-465,-170,-104,-424,-176,-285,435,-228,159,-296,330,104,-5,430,-280,394,-125,159,168,-33,100,-375,422,46,-220,-33,-106,232,387,98,331,-188,-182,326,140,352,114,314,-148,-280,42,2,432,-168,197,-467,-451,172,417,18,-79,111,-197,-297,-381,289,392,379,426,-140,414,346,-100,-272,56,-224,195,-110,-386,119,370,275,411,448,307,-139,-143,-250,-465,402,448,13,-401,136,-302,-123,315,115,146,13,-354,-292,132,-477,-308,-180,-372,462,-149,348,249,-187,-66,-204,476,376,-451,-249,-438,225,-181,-352,-179,361,361,461,-386,-189,447,301,263,-112,279,-500,139,-415,78,425,348,170,-398,229,362,312,-233,441,320,-375,-175,-256,-215,215,431,176,-240,342,63,465,46,50,471,-398,416,-149,-48,-499,435,-418,463,44,170,253,351,35,295,270,-360,237,-358,39,265,-172,-194,252,238,-335,364,-162,-163,-28,384,-332,227,-434,-170,-469,226,463,499,-452,409,-43,257,-145,-16,-452,-302,-340,-309,475,122,-356,-353,-92,174,267,354,424,-118,248,-308,-88,-487,189,325,85,-410,299,-235,-435,142,-97,5,-334,-244,333,-311,486,-185,414,352,18,-118,-53,-60,-3,399,232,-314,-18,-243,392,-12,435,17,184,190,449,229,155,161,132,-326,496,-42,-250,-164,410,-204,-203,-156,212,-260,-457,-47,217,-29,202,176,147,-274,276,-357,-276,-371,203,-23,109,-363,130,-331,336,266,-15,-389,-229,-97,-31,-391,-192,69,44,-339,226,461,-84,-165,-269,56,-305,401,285,17,34,-493,-458,58,-163,45,477,-128,213,386,-301,-127,303,-400,372,332,-62,308,8,295,320,54,-258,-49,-98,-248,171,374,-278,162,283,-457,316,-364,-434,-203,74,-383,429,-131,186,-27,-419,-88,-263,142,-299,-199,30,-197,-55,86,-276,-431,494,-370,152,-444,107,-471,420,73,-381,-177,-367,417,-246,343,298,394,-342,177,-25,-436,62,-165,312,-173,-466,-124,82,231,-88,377,0,-199,383,43,-20,-88,212,-57,-433,485,-442,-410,205,328,-127,156,-48,-479,-136,318,-338,350,454,62,-11,363,-273,479,266,-276,-283,112,-444,-125,266,-353,-324,-158,-388,-23,-84,445,-442,-121,-497,464,375,282,14,-338,269,404,56,244,451,-95,159,-108,78,-405,444,-61,486,179,-483,-212,27,5,110,405,127,-455,165,232,303,-444,-367,215,-191,-444,42,324,344,30,413,40,491,421,183,338,365,467,-233,-448,273,8,219,329,326,287,205,-359,-203,114,29,460,-339,-462,-246,80,-472,434,39,-330,138,151,155,-46,467,-425,183,-431,417,433,307,308,-303,-229,118,52,499,115,-230,354,83,-442,-270,71,335,484,26,-216,-366,468,306,349,-396,-220,360,106,-268,194,-297,355,336,208,-246,488,-367,-34,389,112,108,-446,-27,224,112,-61,-334,387,287,233,-220,14,287,349,-303,-114,429,-113,481,3,-384,-332,-357,83,-417,-206,21,-349,125,-262,-71,-428,-23,-83,-292,241,-257,-319,-420,168,179,337,-351,-104,171,-258,-129,94,-375,453,-251,138,62,383,430,-129,32,-29,-172,80,149,450,54,-333,-293,-215,65,372,395,-334,-267,127,106,-355,375,-136,-356,-233,-418,201,-345,314,143,322,94,285,-452,-409,72,-17,485,-344,-10,-114,122,470,378,-151,-143,324,-35,-327,-253,315,196,66,230,438,-180,115,163,-472,142,170,309,393,-430,92,-452,-164,-402,96,131,69,-480,500,259,177,-358,36,11,80,-301,-386,-229,84,-108,-91,-150,307,-159
503
-411,497,-146,-8,493,285,-278,468,-137,126,122,411,50,487,-330,387,453,15,375,473,-312,139,-463,66,488,25,257,461,-62,497,275,375,41,-315,214,351,103,-331,-334,-185,107,243,436,129,338,477,141,-119,140,-56,26,135,-410,-225,121,-400,8,-49,-227,447,406,-433,-324,361,199,355,26,2,-492,391,-415,444,-21,419,261,-38,441,43,196,-303,483,62,385,-99,-492,-272,202,321,-34,243,277,-158,144,39,297,-152,-421,36,-315,12,152,-384,-150,49,302,405,-239,385,-260,-353,-18,363,414,-159,382,374,-438,-263,-478,111,-288,-81,-47,90,-390,-250,-98,-127,307,321,-77,-124,50,254,-456,24,-280,-262,-71,417,-158,19,-337,108,449,437,-66,387,-432,-301,444,113,38,443,-396,32,-291,52,-301,-467,451,-435,-176,276,397,471,-307,-150,-8,-399,55,-30,213,-227,-365,191,89,-380,38,-388,-51,-374,-160,-182,68,426,-3,403,59,-395,483,-110,-360,-424,-333,207,-73,355,292,-287,-436,-35,-70,480,-406,-165,-408,-491,-19,41,109,91,-256,-28,-102,-391,-486,-283,437,155,-454,173,421,143,-318,292,202,-259,-294,-231,-371,491,163,445,-320,-398,305,-340,-452,-216,62,224,-56,-243,319,312,434,54,192,-197,249,-310,204,-355,-136,-455,275,-100,-334,-312,-493,336,-306,403,-466,151,-31,-46,110,-343,420,197,218,-130,91,203,-78,-304,143,496,41,-327,346,-316,129,444,-424,72,-477,166,-46,46,-386,25,-468,-378,-277,-58,-407,458,-341,-70,-358,197,239,204,81,53,-343,202,325,-115,-31,-236,-445,-420,103,-255,-485,-270,316,-161,124,52,-376,155,-262,350,-406,344,-91,-25,-45,-318,263,162,-400,98,146,-204,463,479,-314,-431,83,380,-440,-472,369,-31,345,-144,419,-271,445,477,270,-447,-186,-441,-350,365,50,-234,241,-113,-82,235,-458,463,-68,-303,-306,232,455,248,92,99,77,73,131,-242,-271,374,269,-319,-455,436,-151,-332,-238,217,-138,-116,-365,-160,58,-21,51,55,346,-425,322,-210,-482,-191,443,-82,-307,-250,471,-482,-60,-170,-493,412,-342,323,-423,308,-69,436,225,448,-349,471,140,-385,-25,-27,256,-450,-324,-181,-342,478,-307,253,234,403,48,432,3,-432,492
-68
166,-429,-60,-472,208,49,-238,300,261,-265,302,-21,-396,-168,-158,379,500,-132,386,329,-13,75,357,-380,-451,127,-137,-366,-328,403,-466,93,-465,435,215,40,-406,479,-120,405,-110,-282,376,-81,-378,-374,141,167,-450,466,373,175,-384,496,147,-340,-267,365,-217,341,-97,-55,342,352,137,-429,202,-60,-341,336,459,278,437,-262,132,-44,-342,438,-231,15,216,344,-362,148,208,-355,192,41,176,-390,257,-412,-209,84,-455,210,-14,225,-428,-96,-476,-158,-79,128,105,180,-382,372,242,495,-51,-243,156,-385,337,-490,200,393,-95,5,-127,-153,216,32,395,105,-192,-480,217,-49,-102,228,213,-410,117,-466,481,304,289,16,-54,327,-327,471,186,95,141,-290,439,427,79,497,-127,-64,49,442,472,234,-368,-380,354,445,416,-477,-84,-98,-221,453,-20,168,374,-133,-188,-411,-84,-99,6,-283,-80,-494,-429,333,-58,-332,422,-147,-124,477,-450,-189,470,-471,252,374,-296,-481,-272,217,277,162,450,-389,193,-435,494,497,15,-257,427,380,-241,387,164,199,469,248,-401,246,-487,-136,386,-17,383,49,293,365,-147,-254,-101,-35,-459,-384,289,-22,293,368,4,61,-427,139,38,-422,-16,-473,314,-118,-56,-218,204,-226,-17,-105,131,60,206,-485,492,-180,181,-232,-137,-311,143,424,-375,-251,149,386,-401,-382,199,41,-239,246,139,188,219,360,-488,266,142,388,-456,10,-106,291,-278,-426,-141,-336,-95,-450,179,55,-293,-280,489,-76,446,-35,474,-313,-391,-121,211,-459,51,48,-139,292,-324,57,-414,252,-330,12,-127,-390,357,-202,-329,249,127,299,-457,-130,-234,-127,-274,-256,98,-438,-341,-341,446,-8,89,145,223,-497,486,-122,414,147,482,-110,310,-484,465,-26,475,161,-242,151,-149,-428,-353,-242,362,386,374,196,130,-176,142,-316,109,68,418,-126,480,-471,496,162,298,59,-480,70,-69,-354,52,122,-486,-125,10,462,-313,491,-365,383,283,435,-72,-154,321,341,403,290,-287,-491,326,134,-366,500,241,10,411,307,-65,286,-53,439,138,-389,348,493,-244,357,-154,453,-125,23,-73,-432,298,-249,164,221,481,-191,-247,411,50,-467,388,257,205,-285,-135,245,-181,-246,294,13,1,-405,-377,-249,-176,-243,-210,-214,29,-301,175,376,365,-357,-274,312,-372,32,-350,158,-343,-448,428,-303,242,98,-118,-183,-259,-454,-459,472,409,-205,336,-486,-474,-418,115,378,499,-216,-437,369,124,168,-454,-45,394,-60,8,-47,137,-456,59,437,-400,304,419,-88,494,307,90,-150,205,-19,-467,-371,-180,-51,-449,-165,320,-112,424,160,377,-117,402,322,457,69,58,337,124,-76,-211,-87,-79,-182,413,-319,-92,489,-186,-335,224,-424,-133,-129,-163,-274,-202,-347,314,61,-243,-66,-397,372,-170,400,-336,173,-318,-368,380,-364,398,-496,-215,80,-425,9,-190,-345,425,420,47,-469,-191,-361,-344,102,-278,428,115,334,-451,-124,-213,500,361,436,362,-5,-245,-365,-154,100,393,227,-377,0,357,203,331,-180,-444,-441,24,488,428,-83,-376,-75,300,88,374,-104,430,253,-284,-45,-62,39,-12,172,-103,-87,-182,61,40,-315,-51,178,218,99,-460,-460,-20,318,-13,114,37,-32,-402,87,321,-215,-364,82,230,398,-3,-166,326,-146,-187,471,-493,172,391,-238,22,-90,-278,-454,452,111,-130,388,475,-18,442,-166,484,378
12239
-485,-2,306,107,-360,422,-490,-74,331,-29,-484,-27,-90,383,216,-356,46,349,-305,-344,244,-383,6,-207,-198,355,-28,315,-336,498,447,203,324,223,130,167,379,450,-426,-387,-456,274,397,422,-30,383,241,398,-129,8,275,-174,-442,-111,-209,495,-58,-366,482,297,-487,33,24,-240,-182,297,405,-389,-383,389,89,-500,-425,363,156,-158,67,-362,452,-27,81,-487,-371,42,288,-60,-414
-61055
461,302,-88,-126,-385,217,-317,-49,467,-64,7,-314,-283,-59,-168,17,-424,-130,226,-226,199,439,-447,-397,455,286,-375,436,177,156,-13,370,-314,391,292,-176,476,256,248,453,-329,258,-323,-79,-214,-288,-18,344,-459,317,-128,-7,-341,-496,334,402,-117,214,-426,361,-1,-123,-466,272,8,48,326,-123,-360,-363,-216,-347,392,27,-372,-26,214,-265,278,441,27,383,-290,118,-138,-160,169,-75,-66,142,-388,-273,381,372,-158,165,-138,-297,157,8,-398,45,253,207,157,-282,-445,374,88,-193,-99,-165,-157,-188,473,-345,-101,-71,-495,-383,-309,457,-323,-67,-497,-392,-313,-371,467,87,243,188,408,415,408,-205,304,224,495,-452,103,-386,434,-313,95,108,-133,286,40,492,242,-259,24,-413,-276,-484,152,-19,208,-165,-43,50,8,466,-293,399,368,-29,-71,-367,348,-124,-292,256,-446,-288,-500,-389,301,236,-338,42,-191,-420,44,-421,-121,-461,-226,-163,-42,168,9,-401,157,-61,-285,121,12,429,394,-103,-323,101,1,-142,324,-372,-341,-272,147,-228,-346,-364,-272,-224,-228,477,-324,-217,139,-174,250,149,-238,55,-47,-108,-447,427,223,-343,189,424,270,325,-95,-223,-335,161,318,365,184,333,338,25,-102,51,-330,345,342,441,378,-439,-450,63,302,-189,-140,-7,-167,-272,-99,336,-189,-242,205,-254,-206,-287,77,256,-106,167,314,-156,412,270,237,-457,-341,328,84,201,-408,469,-5,-201,-316,213,-410,385,-298,183,435,-452,-386,75,-123,-467,189,-39,226,470,375,-403,-356,211,-29,-92,422,-22,416,360,428,-444,333,271,56,86,-240,-203,-314,491,-121,-155,157,375,-185,-232,-283,-53,-210,106,298,330,-285,-19,-386,81,205,105,-14,348,-472,433,10,-249,-370,418,93,-433,-321,203,135,-287,95,-65,-407,-397,332,-59,-198,-459,4,-439,167,110,-6,-161,-165,-385,-421,62,-485,-437,-228,388,-169,42,358,-456,52,-40,-124,444,93,429,449,92,-88,60,318,288,-206,160,160,457,-143,343,-483,495,-139,399,-373,-200,-110,35,22,324,-67,-496,-377,180,-191,361,-73,302,143,-252,-393,392,-389,272,213,-494,132,148,-82,-8,-28,-90,-155,359,195,483,195,32,-64,-27,-330,52,85,230,467,-379,-163,-225,-62,174,-427,428,-372,-369,59,369,-434,72,250,-395,392,-386,344,-230,82,104,-391,-488
25843
-257,76,-103,-178,-245,390,230,329,262,-169,333,-217,-281,130,479,-421,-67,412,383,-270,-18,-321,282,-290,31,-324,-318,-247,-299,-90,-220,254,-156,-275,85,-393,303,57,133,-90,191,364,200,-79,-56,-293,-452,493,-324,-448,390,-43,62,311,-421,67,-224,125,231,492,-386,41,460,-405,-470,468,-315,118,2,-12,390,170,252,434,184,-442,231,445,-55,-464,177,-440,-16,-111,-270,-80,123,5,262,-235,-497,-231,379,400,120,278,-361,-132,-85,-297,289,-80,42,166,-432,318,382,76,-203,156,-463,465,-106,-215,-439,393,-486,102,192,101,135,358,-495,164,329,-496,211,-457,317,-191,-66,349,-399,-93,130,125,-349,-349,189,103,455,-29,-338,-416,222,253,-479,219,432,-443,344,227,72,-148,-73,-193,-227,-83,440,478,47,-25,-107,-283,-395,-51,335,-57,-221,-483,-249,76,245,382,460,435,472,370,-183,-172,282,183,-267,163,-9,-481,-18,-495,-419,276,430,-272,90,286,257,-164,236,496,-281,76,-459
54086444
-195,-30,255,-341,-300,218,-412,-214,-158,-178,193,222,-482,66,182,-499,350,471,-23,-482,-335,342,-212,301,431,-406,252,-338,380,-358,-381,158,-337,-86,-61,163,-111,-417,-318,376,-147,341,-407,-21,252,-187,177,101,93,308,-271,29,32,-362,134,31,-250,-267,-465,316,215,-152,82,-194,-423,459,396,-18,175,200,78,121,-439,-33,-438,-68,-210,-153,-336,451,335,-55,-313,-459,262,-410,52,-107,-336,-14,420,-179,-438,135,354,132,397,294,-393,207,-217,-211,80,344,430,288,249,27,51,59,295,396,-96,-2,-338,92,-244,32,-382,446,-53,190,257,-347,-217,-470,-458,-191,-177,-196,216,-50,454,117,-151,-341,18,-205,-220,265,-80,338,278,-74,-287,-153,162,-18,213,-136,-375,294,-35,-309,305,340,17,-111,1,-168,210,-18,-228,472,61,423,-163,232,493,-218,320,69,-218,-222,-426,-207,-456,274,358,-406,-326,27,-41,279,104,-245,490,-459,-475,-380,-299,132,356,-313,-358,124,-213,-256,481,-421,-55,452,-224,-237,48,281,-91,357,-468,249,97,-323,-136,109,-144,313,154,-57,296,-346,-10,187,-154,58,-213,21,-139,488,-254,-350,444,-109,273,259,-268,49,-121,-205,108,-268,-2,-198,85,-228,-133,155,392,26,-363,124,459,-369,204,-439,166,-287,-103,147,-284,470,-303,-207,431,194,485,59,244,-168,455,-288,-366,-383,-51,-87,101,421,477,351,-231,-192,-208,182,-360,468,25,374,-98,-472,-438,367,-199,440,381,-297,3,-343,-430,283,325,-481,-247,459,176,142,173,165,-295,-244,95,-93,-298,-329,-484,-361,-461,452,-103,162,341,470,388,335,127,-204,-75,-260,-496,-483,-339,363,-1,-354,321,-234,-219,17,-80,250,356,329,-431,-353,430,365,-428,-205,487,460,153,172,189,255,492,3,66,-277,-421,472,453,-406,92,114,-432,-240,-138,289,-242,-47,255,411,14,476,485,-29,440,-104,-186,398,-486,20,119,333,-64,276,-284,229,-238,148,434,-288,272,43,-210,441,151,323,68,-84,-112,-244,-385,427,478,-100,-164,-174,-475,102,81,227,-497,-198,-302,88,467,-171,-177,112,364,-280,240,-490,-197,475,-360,72,267,-444,-59,340,-145,234,-201,218,-500,-243,195,-115,158,312,195,194,419,-275,445,24,-496,-82,-200,234,14,-298,61,396,-7,-232,483,332,90,-232,-416,-445,-224,71,21,308,340,158,462,-404,-113,200,132,-23,-63,22,-273,-194,291,-348,166,-444,-311,272,-362,-381,-486,179,-397,155,-334,399,-256,308,468,-78,156,-20,157,315,114,-499,303,-411,171,-55,17,-219,161,-403,264,-153,-77,-260,-135,-62,441,-86,-111,128,275,-102,32,385,173,156,360,-460,123,-102,84,0,203,-253,-393,72,-177,77,149,-254,-97,129,38,-174,-33,131,-141,-76,101,105,440,453,234,495,-242,174,296,355,-161,432,173,368,461,140,66,479,159,469,127,392,259,193,191,365,245,-187,209,-434,107,-479,492,271,149,-204,350,-147,-223,-401,-67,-378,-60,-308,362,500,171,-258,-284,-132,-293,-96,102,-74,204,23,-219,221,432,457,-436,-176,-445,-141,-297,-276,184,-157,-499,-16,-135,456,473,68,133,227,20,326,-281,-348,111,-96,-348,104,184,-472,77,133,-172,-118,276,-301,-127,-322,-245,-208,428,-145,492,150,449,-394,29,199,-286,-397,-213,463,39,-313,472,240,3,251,178,-17,-170,99,-196,157,-321,-371,339,402,-325,-327,-134,-324,31,-280,-103,-12,-377,-208,13,417,479,-255,281,-420,40,30,-308,-137,-164,-127,70,164,471,-467,379,-255,-187,500,-109,313,473,22,-130,263,479,117,-426,-388,-318,307,380,-295,495,454,289,-278,-457,-59,-451,104,64,-479,354,-229,264,-144,-206,-54,-492,-173,-173,-275,299,489,-438,483,342,164,-354,18,218,76,202,-344,-102,267,-255,0,251,493,-325,-15,-259,24,399,405,118,-26,449,-394,228,-433,243,-317,7,-392,200,256,-193,56,87,269,-16,361,-220,-302,484,-367,57,128,227,393,-477,-396,-362,395,-208,-233,-341,103,245,427,252,-64,200,-22,188,-204,170,-103,-72,114,196,-309,56,-426,105,-187,11,235,-94,446,140,359,-174,-482,-178,-38,-419,-80,-146,267,406,70,414,457,470,458,6,436,-301,-445,-445,-90,75,52,138,114,68,-419,-417,-181,-455,184,237,126,262
-3324
-435,51,-96,-81,429,-183,-59,-438,51,121,457,167,-50,-158,371,72,150,258,231,-376,-443,4,383,-149,49,365,465,293,-280,85,117,-49,-129,-128,466,116,1,256,-220,-323,-240,287,168,-418,-284,-414,-322,-129,-332,138,247,-338,446,64,104,-160,-308,320,470,-52,101,214,-216,407,295,296,-482,191,437,424,469,-389,-16,338,208,-306,-40,160,-259,-424,199,-176,206,145,-137,-412,264,41,209,-81,-417,-454,-345,452,442,-198,450,-33,-244,364,374,-444,52,294,194,373,225,-120,-197,384,-403,-453,79,283,-12,70,-246,461,303,-127,3,-277,253,150,-31,96,-296,-218,-473,-154,198,-464,309,-198,-454,-107,67,425,-329,-425,495,-136,-298,128,-202,-11,-245,185,-390,70,-288,-196,-443,-368,191,-362,-84,47,17,27,176,195,-358,-349,234,397,441,-112,-215,149,44,-290,-469,-99,-331,284,179,-175,379,-187,-409,-56,258,-252,-345,-112,-471,-49,-70,442,-223,-456,-239,-180,-263,-221,-194,197,432,-79,77,-171,64,410,235,290,247,483,-49,125,-450,211,-108,402,-466,-270,-142,149,473,393,235,213,437,334,362,-321,-352,-260,-151,347,283,-418,269,469,-214,-172,-79,-385,438,18,-183,180,427,-257,115,148,320,-222,190,-260,232,-30,-366,343,418,-15,-246,480,-418,-205,384,-133,-167,-82,112,-261,-193,-212,-87,438,258,-125,-27,408,185,-98,345,348,-132,-291,-239,-490,478,8,-36,344,-176,-59,367,-193,-397,86,-160,-414,-8,13,442,265,97,-303,86,-15,22,-477,-232,-462,-29,241,459,118,-236,-409,80,-424,463,201,10,-252,295,-204,-459,107,-19,377,193,226,-451,456,-5,425,-75,60,309,-278,-281,-222,183,12,-323,427,148,-55,-34,-221,-488,-330,-270,85,317,442,-42,80,-404,163,-463,239,410,-379,375,-351,-450,200,416,-217,-171,-263,79,32,-253,286,-360,325,-140,452,87,-428,-188,-339,-51,-51,250,1,-104,-297,-334,152,70,-388,65,456,365,-314,109,-452,32,-229,373,89,498,276,137,-394,339,81,-165,472,-60,59,-312,159,-338,-221,390,-279,-106,366,-127,336,-91,274
-15946
-42,407,19,367,-450,-54,428,-376,-61,178,384,264,-128,-482,-174,33,-424,181,461,-447,-456,443,400,-66,-487,-46,-356,217,177,-91,152,-281,-479,453,-378,-121,300,392,-204,213,271,-392,-49,-354,-345,-247,335,-343,53,90,172,152,315,303,-273,399,499,362,-292,483,-209,-491,447,-27,450,302,-117,-391,173,-90,235,2,-428,353,257,283,184,140,-131,223,193,369,196,-342,-373,-416,-465,314,192,454,-119,216,102,412,-155,-138,-312,-411,-343,475,-212,252,-152,138,-472,-415,-124,-220,-96,131,-81,-144,362,310,83,314,-120,324,241,51,-18,-204,-79,191,-374,351,336,498,48,-383
-5325
-276,413,30,-101,-442,-62,-59,-422,254,351,-296,-369,-465,11,-333,-311,114,168,324,-446,-480,48,365,-127,-312,-254,388,154,432,44,-346,19,113,179,181,-151,-98
5708
-327,-243,214,494,193,108,142,-152,197,227,-417,10,-106,-156,-413,95,261,-486,-6,119,-191,-42,15,-278,-177,82,232,107,454,-4,-165,-391,472,492,291,-85,301,-44,134,361,-197,225,461,-430,-205,297,-353,137,36,431,301,296,0,-54,84,230,24,192,136,-244,-499,130,-196,-241,77,-16,-221,-280,1,326,-146,-337,304,365,-321,333,382,307,42,147,112,-320,222,347,-492,67,24,438,476,11,175,6,312,-270,-163,492,230,246,-99,309,-44,-92,111,-469,323,383,79,12,-252,-107,406,-481,-406,486,200,-273,229,486,-190,-295,-451,-463,482,-487,-427,288,-312,-365,18,-378,-12,152,151,-193,-461,49,346,-218,-160,414,50,-202,-498,409,-126,442,-266,202,170,17,-170,183,-330,8,-466,-413,207,-312,83,-5,-165,-305,284,392,298,-68,-432,241,312,-482,-45,409,-335,197,500,451,-468,-9,-383,-184,470,48,-386,207,-121,377,493,291,-284,-426,109,493,31,-229,272,-80,318,-329,-310,-358,-211,493,-469,-191,167,104,452,91,-138,65,55,159,98,-451,-267,115,-479,-200,210,330,472,-129,115,448,127,-96,-432,-498,291,-403,-360,-269,94,243,378,-493,-251,-252,222,-228,465,133,-335,465,263,235,-4,350,-226,-340,-3,-287,335,-256,-86,-371,104,-296,179,377,178,229,52,-298,-19,-198,-254,-309,491,-436,-448,-362,497,257,-215,169,257,-266,-285,10,253,487,390,351,220,465,-130,-78,420,-66,491,-415,-6,-188,-215,0,289,451,44,-17,351,-159,-150,-47,-91,-376,242,209,-269,-80,-103,392,-482,-107,190,-348,-245,-342,-335,6,-239,190,312,-448,-472,331,349,-182,156,-421,-65,-8,242,-3,215,-345,-61,-370,-334,-124,391,-301,121,175,296,-193,-486,70,498,-328,-421,-3,179,61,-206,168,-384,373,436,464,181,188,491,241,151,193,-47,151,450,447,143,-213,404,191,-45,389,-129,-157,-264,25,181,-52,207,377,162,385,259,-41,-295,-474,360,-49,98,428,37,271,-291,-185,-360,-278,378,-489,291,177,353,-458,67,-204,225,-245,431,386,-172,369,158,398,-280,38,280,458,-114,191,-268,168,-92,-132,280,280,-180,129,44,237,315,-38,-385,-387,-279,-443,157,48,-37,427,-404,-277,178,347,-275,-78,24,-310,-384,200,-452,117,426,295,310,23,-263,91,-415,35,147,-137,366,14,467,-33,-314,-470,217,-129,-207,-242,194,-269,378,392,-222,76,117,158,288,-386,267,474,325,375,364,-11,228,-494,-497,-139,-201,320,-239,-433,391,424,-459,-264,-367,-204,162,-112,499,495,239,-54,232,229,-497,419,-472,-387,144,158,366,93,-490,-262,-32,-485,-100,232,223,-107,-118,311,253,25,-439,-55,337,469,237,66,376,475,-274,282,272,-439,430,292,40,385,164,248,-496,-11,-75,44,266,440,-132,443,-136,-459,-26,39,74,-399,207,322,297,-132,292,315,-157,-213,-199,314,-59,-91,31,-126,175,117,464,497,-170,37,-110,-463,-94,-148,198,158,3,-28,-36,-445,237,367,-250,103,54,-185,-154,464,-211,135,-435,249,-67,476,9,173,-25,-233,-83,4,300,-78,-325,467,-30,207,436,-175,-220,-167,442,-44,-356,287,418,-272,-422,-241,-133,-129,-43,97,449,210,366,-101,-34,-134,-162,-381,264,414,373,239,-400,-107,37,-76,-301,-282,-374,484,166,-309,177,350,-215,-165,-493,-287,-411,440,496,315,250,-310,143,278,-357,358,409,257,-386,449,451,365,-190,-470,363,-432,-215,-202,84,172,317,198,315,304,73,90,289,-458,-298,-288,-400,35,-327,237,227,311,276
-1045
376,293,-173,349,-154,21,221,-331,-414,-42,-46,-497,265,-83,-428,-80,-22,288,-381,-215,-294,247,421,232,-108,-269,-119,-71,-479,-45,-438,-25,283,449
10396
-9,-469,85,171,285,-205,278,-77,-440,-33,205,-482,400,183,255,37,-429,127,105,-132,-454,225,-17,-297,-322,233,-3,100,327,-216,-350,-244,453,418,486,-156,452,199,-392,-439,-43,368,234,156,-85,165,-280,-199,-456,182,-403,-287,494,-251,185,411,419,-458,-205,344,268,115,256,-284,335,327,27,-295,416,-490,267,396,-241,39,-342
-828
492,421,210,-295,-304,425,-71,440,-47,21,235,-194,-296,348,-81,-170,-58,100,331,-349,-371,-378,-78,-261,-138,-148,34,203,-457,-90,157,150,476,201,130,-90,-183,439,37,498,-387,270,35,276,-352,404,-175,-493,321,383,445,264,-378,-302,362,348,-220,-323,297,-16,-263,-231,122,38,458,-176,41,499,257,-258,434,-395,334,-498,-247,-340,-154,438,490,-438,-81,-162,-105,-23,216,-53,-57,254,290,21,275,417,227,368,54,223,-330,-362,59,408,216,-89,172,470,283,128,-41,-123,491,134,-100,339,371,173,44,349,-296,-234,272,327,139,-76,-291,-287,-182,421,301,192,-172,-91,221,-44,298,-53,-456,190,-23,-241,-246,-30,-182,331,225,-85,75,433,239,-418,-278,486,329,-190,83,-493,-426,61,124,261,-381,66,33,434,-218,-379,-448,-495,-187,71,19,301,164,117,-321,229,317,-275,-21,-462,-444,-388,429,413,345,118,427,-186,468,-308,-226,188,-374,74,117,431,-459,96,-112,-385,426,-109,215,-68,283,-251,-482,370,77,500,-252,270,221,-176,-262,57,450,-302,81,45,-418,127,488,-74,317,-265,-167,171,-204,184,441,-328,-384,352,165,237,-107,337,-113,-194,24,25,-338,449,-222,494,-322,97,340,-239,-329,-399,177,96,35,238,21,-446,-451,-115,-64,455,102,382,-429,458,-371,-218,-81,-319,257,-256,421,-148,231,-286,15,-223,-419,144,473,339,-88,133,242,468,231,-188,-85,103,262,-363,-7,411,464,-315,-24,-155,-414,-380,448,232,364,-191,200,-34,67,-368,323,-189,170,-126,457,-191,-202,-25,-331,-490,127,205,130,106,-119,185,-356,-431,219,402,-188,-443,314,-395,486,13,107,275,232,248,-300,-191,-23,-467,463,-388,-104,129,-8,155,75,-259,-315,-293,-395,-38,-234,103,-268,376
2603
434,431,-281,-446,132,-250,-209,99,31,386,109,353,-425,108,-177,-409,108,-111,-17,-410,-181,295,32,140,-225,-156
8053
338,-260,-306,333,196,-425,-245,-152,78,-369,-124,0,-149,73,26,61,332,500,-144,-483,-81,333,-57,-115,-311,-241,204,289,207,383,-478,-71,-194,156,426,-81,190,-8,-427,-187,-56,140,-151,341,165,140,403,-10,255,-240,228,-498,-372,-451,233,-385,149,-420,-55,-30,60,-145,155,-446,327,471,156,-312,500,183,-99,-4,-174,117,-382,-134,-366,-309,123,447,-325,-102,-295,-396,-381,68,-101,130,347,-210,396,207,-164,124,171,334,155,359,-364,236,-292,309,59,-167,155,477,304,271,237,423,252,232,-290,435,-444,-199,-329,-23,174,-93,-8,-401,15,123,-371,470,310,156,131,-33,-175,69,170,357,421,-49,108,305,102,-64,-498,82,-141,-406,-399,-8,305,-170,-391,172,497,-370,-232,418,180,-169,-152,343,291,320,-441,-395,424,294,-134,-434,-93,-79,294,493,201,-39,472,412,-142,-247,325,-480,-175,-455,333,-52,-123,154,285,-442,-101,-388,-403,-361,387,-470,-21,403,-67,4,-106,429,272,179,-120,110,307,131,496,-38,-247,-476,77,357,162,84,445,-387,-177,-410,-323,405,383,489,-104,-147,471,22,136,-399,-428,73,-10,328,-47,120,189,-368,348,-127,-404,-498,278,-344,-33,312,-146,-341,-344,-233,-399,-85,68,74,87,315,312,-158,-239,374,-325,319,-58,54,324,229,415,182,-229,-30,-346,143,-13,-127,146,446,438,33,360,-83,88,208,-489,-10,134,-225,-219,-257,192,483,418,-392,-201,-77,245,-304,-5,-149,-187,184,55,-341,77,-76,-469,428,-222,198,-207,-123,-309,-87,352,-493,286,115,-13,-308,162,-69,-444,-479,137,464,-259,329,-448,-359,-28,-363,322,-327,-72,-276,128,178,439,55,381,-243,-363,-252,132,281,-397,297,-354,445,-54,-14,106,422,-418,33,465,451,-410,-448,31,145,184,-455,-387,-115,-364,285,203,434,441,-487,-398,98,-147,270,482,93,231,-322,367,35,451,356,93,238,373,463,255,-35,207,391,-342,117,-477,-380,376,-430,-26,-379,66,420,-111,383,-373,-26,-20,418,-228,-167,270,101,-43,-40,-270,-225,-141,75,-236,27,285,-63,379,444,362,260,-153,-388,-426,-93,441,-3,486,-349,498,434,473,-261,348,-75,427,447,153,-144,-56,-249,450,-298,-205,377,422,13,51,-235,-265,-268,120,66,192,-301,-13,-52,-374,208,367,146,7,157,-467,123,-476,145,-107,129,116,318,-22,-367,-283,-275,236,395,140,-251,241,-124,-174,40,-209,-311,224,-136,-479,-292,109,-219,-190,6,-451,379,135,485,87,172,-199,-62,-74,-110,-379,-266,249,-103,-189,-213,-114,158,457,244,-496,63,194,216,-262,-238,-406,-366,-429,-367,-40,132,-31,-184,-431,270,-409,17,-36,-294,426,11,-86,-432,415,-356,474,-479,184,224,403,88,3,-73,-368,184,252,76,169,480,45,480,-46,27,349,-274,325,-66,-97,340,74,-84,479,-2,-492,-112,57,-298,103
-4921083
357,273,482,-399,-489,-375,33,179,111,492,-96,-396,-268,-252,488,242,-263,202,114,-198,222,-370,206,373,323,229,-441,225,111,248,127,207,-378,228,-462,-52,-402,3,-211,-224,-67,-432,231,185,48,-314,396,84,-177,-10,164,397,-403,-284,-175,-146,497,103,-225,294,100,155,-104,-195,-181,-378,-138,-75,283,-314,-139,288,206,114,-263,435,-497,-171,-217,232,-186,183,-140,73,7,150,-160,360,336,32,-269,-93,485,-69,214,-282,238,-47,313,-437,-370,-442,-218,189,167,-194,484,66,146,-119,383,-402,-317,-87,-348,-23,-227,333,-108,-486,309,263,-258,-336,-380,337,-233,105,426,104,-272,377,-311,130,355,-337,-249,-67,349,126,500,-424,-151,264,444,37,-278,9,163,429,111,-183,-331,207,-294,-255,458,-150,52,232,96,352,262,-222,-417,431,-447,-482,53,-207,78,454,73,208,-84,-365,211,-272,-44,-346,-50,113,-127,356,-25,-388,-127,270,184,223,48,206,265,37,-401,-232,346,-330,-417,20,-75,-378,133,240,-344,-364,-191,-447,301,231,427,331,-104,-395,-258,-406,-114,-77,454,-376,399,-91,436,447,283,-375,-97,485,345,273,-169,412,-239,-31,68,-358,495,-325,-65,217,-121,-342,436,-488,-67,233,262,-359,79,-453,-337,-232,-119,323,363,264,-83,226,-286,312,299,-156,122,452,-448,401,498,212,104,-53,-150,-93,235,-28,-173,-492,-398,-177,418,1,179,-70,-20,-500,129,-351,-337,-370,-494,474,-118,-359,-289,-32,-209,191,-256,-493,488,222,346,-187,346,274,-227,225,180,-284,102,459,16,-198,223,4,47,-84,252,-125,97,-484,-459,-281,2,119,-26,452,372,184,136,110,329,396,77,229,495,376,497,-321,261,383,-46,-251,-438,-344,-253,-265,348,-457,352,300,38,-249,318,-94,-139,64,292,-159,342,-342,428,-105,496,409,-191,-167,-328,-268,26,-280,-190,50,394,401,163,-86,-66,-158,447,-255,4,-49,338,100,20,-257,102,-74,113,400,-237,-466,-490,-438,-257,264,265,346,73,-46,-119,422,-306,-10,-483,-226,-399,323,-452,-107,-304,-300,303,-134,176,56,322,16,-108,56,-318,449,-296,97,-220,-202,259,166,-136,203,41,-264,89,-397,450,90,151,101,-22,175,463,-182,-353,51,-49,-175,84,-477,206,373,416,-11,-130,306,-385,-113,-356,217,-299,303,-436,-53,-86,463,422,301,170,407,-78,-388,131,371,-247,416,102,-484,-116,-287,-271,-18,382,315,147,-264,-95,499,329,20,466,-269,-224,134,106,340,433,-106,-198,269,298,36,398,280,-351,-10,457,-115,313,177,202,403,409,328,-19,-208,-119,-205,-474,391,-203,-122,450,371,-14,161,-108,291,-408,158,-180,433,-207,-203,19,281,-283,383,419,137,-315,-145,-7,430,309,29,231,46,-244,-417,116,-438,-162,-455,-118,217,-158,-303,71,-35,-244,-277,410,457,381,-403,472,-449,162,-226,449,250,-229,-347,248,-113,-316,-280,-105,-357,-36,-271,-46,30,58,146,261,237,-338,-26,-142,187,203,86,-150,410,478,348,-38,-318,54,390,477,-334,73,37,432,-436,214,136,137,301,382,91,-178,-478,33,-469,-393,158,-279,-477,-407,91,-55,124,-353,-69,38,281,446,279,108,92,390,134,-311,383,381,293,-343,76,-165,-325,274,256,-109,184,293,359,-487,-195,452,-472,349,450,-409,79,-362,-421,251,156,382,-19,318,-152,-203,-477,286,-377,-303,335,-108,327,-122,478,-95,-86,-496,-12,-8,416,143,296,25,-463,48,7,-439,-92,221,361,-172,-360,369,15,-126,473,-421,-104,324,260,-375,263,286,-205,435,-57,237,498,81,-144,-47,-494,287,319,418,-259,358,-170,335,31,-339,-170,-460,10,378,26,-301,125,410,-373,-339,257,430,284,278,244,-330,316,-467,-248,-85,351,-87,344,204,-28,396,-140,401,256,-327,-337,497,-159,-209,-101,321,58,-221,-294,290,-344,40,63,167,-116,62,204,-100,-320,347,500,17,376,164,-305,133,-90,-60,-494,-210,239,197,117,118,167,-225,126,235,197,-88,-228,-214,-271,346,-405,-335,308,-51,397,117,-180,498,-420,-450,286,14,449,-253,0,-371,307,80,-9,36,-170,4,266,422,23,124,240,-43,-301,-280,26,58,-344,-174,-95,-366,-358,274,55,-342,234,-441,-25,290,11,-14,38,-271,385,458,-44,153,-225,268,-322,-234,497,432,-268,235,460,-160,309,386,-493,-11,80,471,-84,-306,-466,-318,172,416,-283,420,-288,457,355,-220,74,-442,280,-396,-352,-75,313,172,284,434,-387,-243,338,431,37,-474,100,-171,-41,-214,193,287,-368,-102,-416,-93,-55,-376,-342,25,-46,-459,-262,-273,-367,-100,108,288,-204,449,-97,-157,500,454,-162,276,-18,-72,-459,403,-322,356,-29,-376,39,-266,-257,-423,449,392,34,219,-325,403,222,-414,-38,315,3,83,233,-29,-236,-152,-338,-338,206,48,26,-26,485,-448,-207
