10000
22
157
238
375
459
549
621
749
822
964
1066
1159
1295
1372
1472
1583
1600
1717
1859
1947
2098
2110
2223
2363
2483
2532
2697
2760
2822
2956
3012
3111
3253
3314
3470
3586
3609
3710
3884
3906
4095
4191
4262
4363
4484
4579
4688
4716
4863
4907
5061
5163
5242
5327
5425
5525
5650
5742
5886
5902
6025
6136
6216
6328
6491
6549
6671
6730
6885
6900
7095
7178
7277
7304
7446
7532
7642
7763
7846
7990
8013
8176
8241
8352
8430
8591
8681
8739
8888
8964
9058
9175
9288
9348
9452
9563
9629
9710
9887
9902
10034
10182
10230
10312
10441
10589
10679
10746
10887
10960
11080
11147
11237
11314
11459
11572
11629
11740
11840
11978
12055
12188
12253
12399
12475
12520
12699
12719
12888
12909
13016
13166
13240
13340
13461
13529
13678
13728
13872
13937
14034
14147
14213
14307
14479
14551
14602
14721
14859
14905
15097
15150
15208
15368
15498
15550
15646
15755
15889
15981
16019
16118
16239
16359
16466
16515
16685
16780
16889
16963
17071
17154
17298
17343
17402
17576
17604
17720
17820
17961
18028
18115
18277
18370
18474
18510
18695
18753
18806
18925
19087
19185
19295
19316
19459
19527
19634
19787
19845
19998
20086
20192
20218
20307
20457
20560
20633
20755
20852
20969
21083
21167
21259
21316
21438
21575
21611
21752
21862
21959
22077
22111
22228
22374
22419
22549
22699
22764
22867
22970
23085
23155
23212
23356
23462
23514
23674
23767
23897
23931
24070
24150
24216
24307
24470
24551
24606
24705
24863
24955
25076
25188
25296
25368
25428
25517
25628
25787
25806
25977
26037
26142
26222
26303
26420
26579
26607
26730
26897
26939
27034
27150
27274
27331
27410
27590
27688
27777
27848
27991
28039
28183
28229
28328
28404
28508
28627
28746
28801
28912
29093
29169
29240
29323
29470
29589
29657
29761
29825
29971
30062
30193
30252
30305
30406
30528
30603
30718
30829
30985
31053
31170
31202
31396
31448
31567
31679
31736
31830
31908
32087
32126
32212
32387
32492
32508
32643
32749
32875
32946
33027
33173
33261
33384
33416
33528
33619
33789
33845
33945
34041
34184
34259
34386
34405
34582
34646
34753
34842
34923
35064
35144
35262
35302
35466
35516
35621
35741
35861
35965
36032
36162
36222
36393
36429
36553
36661
36786
36883
36929
37025
37114
37284
37337
37408
37586
37664
37704
37807
37935
38038
38182
38285
38373
38469
38520
38609
38701
38899
38995
39086
39199
39213
39396
39474
39553
39696
39735
39819
39944
40010
40154
40247
40361
40415
40516
40612
40747
40846
40980
41059
41115
41297
41308
41409
41512
41692
41776
41887
41903
42022
42189
42264
42316
42425
42570
42695
42719
42845
42958
43091
43157
43227
43326
43490
43538
43696
43770
43817
43984
44051
44136
44270
44311
44421
44502
44637
44745
44844
44978
45065
45189
45275
45311
45491
45511
45629
45790
45848
45922
46088
46163
46252
46311
46443
46538
46600
46721
46832
46986
47037
47163
47236
47338
47427
47550
47640
47791
47808
47972
48009
48118
48287
48306
48428
48586
48677
48773
48804
48950
49019
49178
49217
49309
49478
49511
49666
49711
49847
49919
50027
50129
50259
50377
50493
50540
50699
50748
50812
50927
51030
51172
51238
51395
51480
51540
51610
51798
51804
51922
52064
52160
52218
52323
52401
52560
52694
52740
52838
52907
53004
53114
53241
53390
53400
53533
53669
53727
53878
53997
54076
54147
54224
54338
54448
54591
54694
54763
54877
54989
55023
55113
55277
55321
55426
55574
55658
55789
55882
55964
56054
56123
56278
56340
56454
56526
56602
56709
56857
56959
57060
57106
57211
57358
57409
57577
57686
57709
57879
57993
58045
58189
58234
58379
58468
58537
58642
58745
58897
58920
59092
59144
59224
59335
59423
59540
59663
59787
59811
59950
60048
60121
60293
60397
60443
60525
60613
60778
60872
60920
61095
61175
61287
61314
61422
61576
61656
61760
61876
61978
62006
62152
62288
62303
62464
62539
62669
62742
62874
62984
63071
63159
63266
63311
63468
63588
63647
63739
63885
63945
64088
64105
64272
64354
64461
64579
64666
64731
64874
64942
65062
65104
65221
65349
65440
65502
65671
65730
65897
65974
66056
66174
66248
66322
66485
66501
66690
66762
66818
66988
67075
67110
67279
67328
67445
67569
67644
67748
67806
67937
68090
68135
68209
68338
68402
68527
68634
68773
68825
68930
69067
69165
69270
69311
69464
69508
69647
69725
69823
69987
70026
70165
70265
70396
70444
70586
70633
70748
70873
70950
71038
71146
71235
71339
71449
71531
71626
71707
71801
71944
72001
72118
72278
72361
72402
72543
72690
72784
72828
72934
73083
73199
73234
73365
73459
73523
73649
73741
73853
73967
74074
74160
74211
74309
74410
74525
74605
74744
74839
74949
75014
75194
75275
75333
75464
75516
75698
75729
75806
75976
76009
76143
76281
76339
76410
76581
76643
76753
76830
76950
77024
77118
77245
77319
77448
77523
77678
77751
77859
77970
78030
78115
78211
78383
78449
78596
78603
78701
78832
78925
79005
79109
79281
79338
79494
79513
79602
79728
79843
79972
80068
80148
80216
80378
80492
80514
80678
80728
80891
80975
81037
81158
81268
81324
81402
81529
81648
81716
81800
81992
82034
82104
82242
82302
82473
82577
82666
82703
82849
82922
83002
83141
83250
83345
83459
83597
83621
83785
83843
83987
84014
84187
84220
84343
84487
84513
84627
84734
84890
84987
85059
85113
85298
85373
85465
85524
85600
85790
85833
85940
86013
86152
86209
86303
86401
86580
86682
86789
86898
86965
87009
87185
87263
87305
87467
87561
87669
87740
87892
87975
88099
88186
88211
88324
88442
88508
88655
88715
88879
88939
89055
89148
89289
89325
89486
89571
89653
89772
89801
89933
90005
90113
90247
90322
90465
90582
90660
90768
90852
90981
91099
91159
91278
91365
91441
91506
91672
91790
91819
91911
92042
92173
92287
92331
92441
92526
92651
92773
92897
92999
93016
93185
93264
93310
93490
93545
93653
93730
93829
93964
94085
94163
94255
94359
94448
94536
94658
94733
94878
94974
95089
95191
95236
95380
95478
95585
95621
95750
95872
95976
96049
96103
96291
96337
96413
96595
96636
96791
96806
96901
97015
97105
97277
97334
97405
97523
97600
97747
97827
97907
98087
98177
98269
98335
98485
98500
98668
98775
98853
98993
99027
99169
99226
99393
99469
99514
99643
99792
99835
99931
100069
100143
100294
100316
100471
100558
100683
100742
100839
100962
101047
101179
101242
101382
101444
101589
101699
101781
101881
101947
102009
102116
102258
102316
102456
102514
102679
102734
102889
102902
103083
103150
103210
103356
103478
103560
103666
103777
103839
103961
104045
104128
104272
104313
104465
104542
104673
104783
104863
104990
105088
105131
105297
105322
105436
105584
105622
105752
105881
105979
106085
106128
106278
106344
106464
106519
106678
106744
106836
106928
107089
107152
107217
107343
107492
107553
107667
107796
107820
107941
108007
108173
108283
108394
108434
108552
108677
108782
108889
108984
109034
109180
109274
109347
109458
109541
109663
109730
109887
109930
110075
110105
110275
110346
110471
110557
110653
110740
110887
110912
111097
111117
111243
111317
111432
111596
111642
111789
111842
111922
112088
112186
112280
112389
112424
112546
112686
112760
112804
112959
113033
113198
113285
113395
113423
113564
113608
113784
113899
113960
114023
114163
114293
114317
114474
114561
114624
114757
114826
114998
115010
115135
115224
115397
115489
115594
115603
115737
115858
115926
116042
116120
116256
116398
116409
116587
116684
116706
116855
116998
117084
117107
117242
117384
117439
117569
117689
117762
117842
117914
118026
118157
118297
118390
118460
118559
118606
118759
118814
118981
119083
119170
119298
119383
119435
119547
119691
119772
119842
119995
120013
120124
120210
120372
120404
120580
120631
120775
120859
120961
121060
121185
121242
121385
121456
121583
121681
121775
121826
121901
122039
122114
122224
122353
122456
122541
122672
122758
122842
122906
123006
123192
123238
123326
123498
123555
123665
123754
123862
123993
124081
124188
124232
124348
124487
124599
124614
124737
124894
124960
125075
125146
125241
125394
125441
125511
125699
125795
125841
125914
126032
126170
126203
126324
126421
126592
126672
126740
126845
126974
127091
127111
127278
127344
127411
127598
127627
127774
127883
127989
128000
128188
128255
128384
128408
128543
128687
128780
128888
128939
129014
129175
129280
129352
129413
129533
129699
129714
129880
129952
130072
130133
130290
130371
130435
130557
130644
130731
130831
130991
131075
131118
131254
131341
131491
131530
131688
131737
131821
131931
132002
132186
132257
132389
132470
132542
132661
132757
132875
132900
133081
133173
133282
133386
133467
133543
133648
133707
133849
133963
134060
134136
134227
134378
134445
134520
134663
134756
134801
134927
135079
135153
135210
135319
135424
135584
135622
135790
135846
135932
136070
136153
136217
136345
136467
136522
136667
136739
136800
136990
137080
137114
137276
137364
137438
137503
137621
137713
137831
137962
138023
138193
138237
138337
138471
138548
138617
138740
138848
138912
139028
139159
139211
139323
139446
139579
139655
139728
139805
139912
140023
140145
140266
140385
140441
140584
140660
140773
140817
140969
141030
141133
141278
141356
141496
141552
141621
141740
141846
141978
142088
142191
142247
142338
142434
142573
142616
142739
142858
142984
143073
143130
143262
143366
143439
143587
143613
143775
143857
143921
144005
144130
144225
144375
144434
144575
144683
144786
144866
144946
145031
145161
145242
145347
145456
145513
145601
145766
145805
145909
146036
146195
146232
146361
146473
146584
146683
146791
146810
146982
147018
147175
147274
147316
147492
147534
147660
147706
147874
147958
148072
148164
148266
148345
148402
148557
148637
148767
148882
148927
149031
149117
149285
149352
149417
149568
149607
149786
149825
149999
150014
150176
150222
150347
150484
150581
150683
150709
150890
150994
151017
151121
151291
151392
151489
151586
151696
151768
151873
151973
152013
152169
152207
152336
152401
152592
152644
152760
152888
152937
153050
153102
153275
153381
153437
153568
153622
153708
153837
153980
154045
154175
154241
154367
154420
154568
154641
154708
154852
154933
155061
155102
155263
155390
155497
155552
155605
155778
155817
155977
156053
156162
156206
156357
156423
156570
156648
156767
156844
156920
157032
157147
157261
157319
157413
157523
157698
157750
157830
157935
158078
158183
158279
158335
158427
158595
158661
158715
158843
158978
159053
159150
159226
159315
159477
159546
159684
159770
159818
159931
160060
160155
160250
160318
160478
160580
160618
160722
160894
160979
161064
161148
161298
161314
161442
161592
161674
161772
161882
161948
162004
162113
162279
162360
162494
162509
162699
162771
162837
162945
163043
163129
163231
163331
163472
163566
163645
163778
163862
163928
164063
164195
164266
164393
164412
164579
164614
164737
164832
164965
165042
165135
165217
165310
165467
165542
165650
165748
165855
165950
166033
166136
166232
166361
166499
166586
166665
166742
166852
166944
167031
167116
167218
167314
167445
167572
167656
167773
167804
167973
168052
168185
168255
168372
168456
168578
168698
168741
168897
168996
169002
169177
169266
169319
169427
169558
169668
169766
169895
169993
170016
170150
170264
170399
170459
170532
170637
170776
170899
170989
171027
171129
171202
171370
171402
171512
171674
171768
171847
171901
172048
172172
172268
172331
172431
172585
172654
172722
172830
172972
173000
173141
173286
173353
173402
173549
173605
173776
173874
173909
174027
174102
174247
174344
174459
174539
174606
174737
174804
174976
175054
175154
175274
175318
175453
175569
175604
175730
175865
175962
176047
176108
176269
176329
176480
176572
176643
176725
176857
176932
177060
177100
177265
177396
177424
177515
177627
177783
177869
177909
178084
178175
178211
178363
178400
178589
178688
178757
178808
178922
179002
179181
179258
179302
179490
179558
179660
179720
179877
179996
180098
180126
180226
180303
180454
180556
180603
180758
180869
180927
181045
181139
181200
181385
181451
181556
181606
181780
181842
181924
182049
182118
182215
182329
182409
182570
182666
182746
182840
182976
183016
183166
183228
183376
183497
183552
183628
183733
183859
183904
184065
184144
184231
184363
184446
184584
184681
184783
184815
184916
185003
185127
185222
185314
185491
185535
185612
185788
185878
185947
186074
186124
186202
186394
186493
186508
186633
186729
186836
186968
187028
187126
187229
187352
187438
187521
187660
187790
187829
187962
188043
188134
188243
188321
188455
188545
188643
188706
188800
188983
189031
189120
189228
189365
189437
189521
189674
189771
189838
189948
190003
190108
190299
190352
190438
190540
190692
190717
190832
190943
191044
191138
191279
191320
191406
191590
191684
191727
191853
191979
192044
192165
192287
192360
192444
192590
192616
192787
192857
192994
193031
193164
193259
193381
193435
193589
193603
193736
193887
193996
194024
194110
194236
194374
194446
194595
194647
194702
194833
194937
195039
195170
195205
195380
195486
195598
195608
195712
195836
195907
196042
196167
196246
196382
196498
196528
196608
196762
196821
196924
197048
197136
197222
197343
197487
197599
197665
197751
197831
197957
198042
198174
198261
198350
198467
198562
198626
198791
198898
198914
199056
199186
199225
199327
199497
199536
199626
199728
199866
199943
200031
200112
200243
200375
200444
200599
200605
200777
200816
200996
201074
201148
201263
201338
201453
201588
201657
201745
201825
201932
202017
202128
202244
202395
202484
202582
202656
202792
202801
202954
203018
203195
203207
203375
203472
203504
203633
203761
203832
203963
204054
204138
204268
204354
204436
204526
204665
204720
204828
204986
205096
205122
205292
205399
205424
205588
205642
205751
205817
205908
206061
206189
206291
206327
206437
206571
206650
206767
206864
206945
207006
207158
207264
207329
207480
207566
207633
207781
207896
207909
208043
208185
208239
208347
208493
208534
208696
208766
208809
208920
209054
209102
209292
209345
209449
209539
209618
209727
209894
209912
210067
210188
210234
210390
210473
210560
210636
210790
210846
210928
211010
211168
211218
211322
211477
211553
211635
211726
211817
211960
212029
212124
212268
212353
212433
212547
212613
212786
212809
212926
213048
213180
213281
213358
213401
213582
213606
213741
213838
213909
214079
214110
214244
214349
214411
214549
214632
214703
214862
214994
215098
215128
215247
215362
215447
215553
215615
215746
215857
215993
216055
216157
216276
216345
216418
216585
216602
216763
216842
216962
217062
217104
217237
217399
217489
217551
217627
217782
217834
217921
218070
218106
218276
218391
218467
218516
218643
218727
218816
218971
219036
219128
219288
219333
219438
219501
219654
219784
219865
219969
220066
220129
220282
220373
220482
220524
220617
220703
220873
220917
221080
221156
221262
221367
221437
221588
221644
221744
221816
221969
222059
222145
222267
222322
222475
222508
222625
222735
222844
222900
223026
223107
223277
223304
223432
223549
223615
223761
223881
223997
224070
224129
224253
224398
224480
224525
224675
224745
224818
224967
225057
225101
225244
225349
225400
225560
225616
225719
225898
225919
226042
226163
226270
226350
226440
226516
226602
226733
226840
226936
227008
227116
227209
227308
227419
227521
227623
227718
227886
227995
228038
228145
228263
228325
228494
228546
228606
228762
228816
228930
229021
229121
229259
229345
229412
229566
229630
229797
229850
229908
230006
230163
230230
230301
230428
230564
230616
230795
230803
230972
231012
231133
231248
231390
231406
231519
231651
231744
231873
231979
232015
232149
232237
232382
232483
232588
232684
232782
232884
232935
233016
233186
233259
233326
233483
233511
233687
233734
233877
233966
234072
234191
234231
234393
234439
234526
234689
234775
234898
234992
235057
235144
235256
235328
235468
235580
235618
235730
235834
235999
236053
236174
236254
236319
236444
236592
236660
236739
236891
236959
237002
237130
237250
237306
237414
237548
237668
237713
237850
237959
238043
238197
238259
238324
238496
238518
238632
238745
238804
238915
239019
239117
239294
239314
239446
239504
239622
239733
239840
239941
240083
240189
240291
240317
240465
240501
240653
240733
240878
240995
241015
241144
241214
241371
241422
241581
241654
241749
241898
241964
242089
242174
242254
242383
242415
242563
242605
242751
242811
242922
243091
243149
243224
243333
243451
243504
243645
243765
243805
243957
244078
244103
244285
244351
244419
244515
244662
244741
244863
244983
245002
245193
245237
245359
245415
245590
245667
245788
245855
245994
246013
246190
246281
246386
246494
246575
246607
246704
246882
246921
247093
247160
247299
247375
247480
247595
247630
247769
247848
247912
248046
248182
248296
248352
248461
248559
248647
248738
248846
248923
249036
249160
249258
249397
249407
249513
249640
249751
249831
249947
250081
250157
250233
250325
250442
250538
250659
250771
250863
250903
251079
251115
251208
251348
251475
251529
251647
251738
251865
251918
252017
252166
252203
252333
252428
252580
252604
252733
252870
252965
253027
253143
253240
253310
253430
253541
253654
253795
253852
253981
254038
254183
254263
254318
254448
254534
254624
254717
254840
254970
255081
255147
255272
255346
255401
255589
255669
255707
255856
255916
256082
256176
256282
256327
256424
256592
256670
256712
256848
256903
257073
257145
257247
257313
257433
257517
257679
257717
257839
257914
258016
258117
258259
258368
258450
258516
258666
258704
258855
258953
259084
259199
259205
259354
259486
259580
259601
259721
259847
259921
260055
260178
260287
260349
260482
260512
260623
260739
260832
260951
261076
261150
261243
261323
261488
261510
261692
261770
261810
261950
262005
262138
262203
262349
262485
262553
262605
262756
262839
262943
263057
263129
263268
263388
263461
263502
263687
263760
263879
263993
264056
264189
264230
264328
264406
264502
264651
264721
264809
264949
265053
265108
265210
265394
265497
265536
265694
265747
265816
265920
266007
266150
266282
266396
266403
266553
266617
266761
266874
266942
267033
267166
267211
267314
267426
267548
267655
267773
267860
267993
268082
268101
268202
268357
268496
268534
268643
268793
268871
268918
269074
269181
269235
269361
269480
269573
269683
269709
269873
269909
270036
270197
270239
270395
270444
270500
270604
270738
270819
270957
271024
271169
271278
271386
271406
271565
271606
271786
271843
271927
272049
272195
272261
272358
272432
272528
272651
272729
272856
272932
273038
273118
273295
273366
273415
273580
273627
273794
273856
273971
274099
274180
274237
274398
274450
274547
274697
274716
274811
274968
275031
275107
275291
275370
275471
275523
275659
275760
275897
275988
276067
276178
276280
276300
276404
276504
276616
276708
276865
276903
277062
277185
277273
277302
277418
277507
277645
277718
277851
277906
278053
278143
278219
278317
278434
278543
278601
278740
278874
278984
279036
279197
279288
279387
279470
279515
279667
279787
279855
279924
280070
280169
280281
280350
280479
280582
280692
280793
280860
280982
281051
281187
281267
281328
281421
281577
281694
281706
281855
281977
282059
282157
282231
282333
282454
282554
282634
282736
282821
282984
283042
283132
283293
283306
283486
283577
283603
283728
283889
283952
284086
284194
284206
284360
284457
284585
284623
284786
284805
284947
285000
285107
285284
285322
285486
285596
285633
285701
285826
285985
286080
286114
286240
286364
286443
286552
286653
286770
286866
286937
287084
287155
287220
287392
287432
287567
287631
287714
287824
287976
288090
288158
288266
288388
288459
288571
288622
288725
288879
288930
289087
289152
289249
289334
289494
289547
289607
289745
289894
289993
290001
290112
290205
290308
290454
290558
290625
290750
290889
290969
291021
291197
291263
291399
291411
291586
291698
291749
291881
291949
292017
292126
292288
292388
292401
292551
292685
292781
292846
292930
293056
293154
293219
293373
293424
293532
293627
293753
293857
293956
294055
294145
294220
294399
294404
294561
294696
294772
294899
294955
295050
295180
295222
295325
295487
295505
295610
295765
295854
295924
296051
296155
296249
296314
296439
296501
296674
296762
296879
296913
297067
297125
297213
297375
297403
297559
297626
297762
297884
297910
298072
298190
298298
298333
298479
298503
298658
298763
298814
298997
299048
299122
299223
299328
299439
299519
299695
299712
299850
299900
300079
300182
300272
300370
300499
300589
300642
300796
300857
300964
301093
301168
301283
301313
301415
301565
301635
301776
301826
301939
302071
302190
302244
302307
302473
302553
302639
302747
302849
302964
303024
303131
303291
303380
303416
303569
303689
303711
303835
303935
304012
304132
304257
304383
304447
304532
304600
304731
304827
304952
305051
305151
305207
305381
305476
305501
305674
305717
305840
305985
306043
306127
306217
306354
306446
306571
306687
306744
306843
306940
307056
307168
307243
307322
307413
307533
307639
307752
307821
307933
308002
308115
308292
308301
308449
308577
308666
308754
308849
308982
309064
309121
309208
309393
309452
309570
309648
309739
309836
309958
310053
310132
310244
310386
310472
310595
310689
310772
310861
310960
311039
311120
311282
311361
311431
311580
311692
311731
311846
311978
312067
312199
312237
312359
312496
312509
312697
312791
312854
312955
313020
313102
313231
313320
313427
313590
313640
313781
313860
313919
314004
314177
314244
314343
314443
314593
314662
314796
314822
314913
315018
315187
315256
315335
315492
315504
315642
315775
315825
315900
316072
316113
316259
316351
316417
316571
316634
316708
316857
316948
317068
317154
317288
317386
317415
317548
317606
317749
317874
317905
318009
318118
318288
318395
318483
318543
318649
318718
318880
318944
319050
319178
319237
319339
319453
319546
319619
319789
319880
319935
320011
320190
320299
320393
320496
320524
320689
320772
320895
320919
321071
321115
321259
321375
321455
321566
321660
321768
321811
321959
322097
322179
322259
322345
322458
322583
322662
322764
322870
322967
323005
323144
323277
323354
323430
323528
323674
323757
323848
323950
324089
324193
324280
324311
324479
324522
324651
324774
324804
324900
325007
325166
325293
325341
325445
325560
325694
325731
325817
325902
326080
326112
326226
326306
326436
326532
326629
326788
326881
326924
327023
327108
327204
327313
327422
327523
327661
327775
327825
327913
328027
328184
328222
328391
328464
328553
328649
328732
328842
328948
329079
329198
329290
329385
329442
329547
329688
329771
329831
329935
330001
330106
330266
330351
330477
330548
330609
330737
330880
330949
331004
331171
331276
331356
331445
331590
331674
331759
331800
331997
332062
332198
332256
332378
332432
332557
332657
332745
332843
332981
333013
333103
333218
333357
333473
333578
333664
333774
333845
333904
334002
334152
334204
334353
334471
334588
334659
334736
334867
334972
335061
335150
335220
335369
335468
335577
335635
335777
335855
335924
336032
336140
336247
336351
336496
336533
336653
336707
336896
336911
337066
337112
337266
337305
337470
337559
337625
337724
337883
337951
338071
338191
338285
338300
338403
338569
338691
338739
338877
338924
339097
339141
339213
339325
339441
339523
339651
339705
339877
339935
340046
340103
340275
340386
340460
340543
340673
340773
340806
340999
341056
341117
341218
341325
341403
341526
341605
341794
341880
341901
342020
342102
342250
342368
342442
342540
342627
342727
342819
342989
343066
343177
343261
343317
343421
343588
343636
343747
343801
343954
344049
344179
344291
344305
344484
344525
344639
344798
344898
344972
345016
345137
345294
345320
345418
345561
345636
345705
345824
345900
346036
346114
346294
346354
346458
346503
346632
346700
346874
346903
347010
347183
347259
347314
347404
347519
347637
347735
347873
347914
348067
348182
348255
348309
348436
348529
348689
348775
348811
348996
349053
349160
349262
349379
349447
349546
349616
349720
349812
349900
350014
350190
350249
350367
350455
350514
350610
350723
350889
350996
351094
351194
351264
351358
351433
351564
351647
351729
351872
351979
352042
352145
352274
352337
352493
352532
352600
352780
352848
352919
353077
353130
353252
353350
353448
353500
353646
353701
353822
353921
354072
354111
354216
354339
354404
354558
354625
354722
354814
354937
355082
355104
355221
355312
355475
355554
355642
355718
355870
355973
356069
356114
356290
356393
356448
356527
356654
356719
356872
356912
357033
357190
357282
357373
357410
357553
357615
357764
357868
357903
358072
358189
358231
358392
358429
358581
358640
358707
358871
358949
359020
359117
359292
359319
359424
359509
359606
359705
359800
359987
360067
360147
360261
360392
360400
360505
360609
360720
360827
360954
361030
361163
361295
361327
361436
361524
361694
361799
361856
361972
362081
362107
362238
362384
362408
362599
362695
362795
362862
362905
363092
363154
363226
363315
363446
363545
363616
363799
363843
363947
364013
364113
364243
364315
364497
364597
364684
364719
364823
364900
365008
365157
365216
365351
365432
365597
365666
365754
365811
365985
366032
366119
366225
366357
366403
366517
366686
366792
366863
366936
367015
367127
367291
367349
367438
367577
367684
367759
367807
367943
368081
368146
368268
368323
368477
368570
368687
368740
368818
368924
369087
369161
369285
369373
369499
369583
369618
369776
369839
369957
370065
370139
370237
370399
370453
370502
370601
370703
370855
370968
371014
371137
371227
371314
371407
371597
371674
371738
371842
371931
372019
372113
372288
372390
372423
372582
372695
372790
372836
372975
373006
373156
373259
373317
373461
373584
373658
373724
373802
373936
374001
374132
374231
374372
374446
374509
374615
374774
374812
374906
375073
375120
375257
375317
375434
375584
375675
375747
375832
375979
376017
376110
376231
376342
376495
376541
376620
376770
376875
376927
377018
377180
377228
377308
377416
377513
377605
377713
377886
377936
378072
378107
378208
378371
378409
378520
378621
378727
378813
378978
379078
379117
379268
379376
379489
379565
379695
379755
379821
379965
380008
380126
380288
380375
380495
380599
380605
380700
380841
380911
381061
381178
381296
381344
381444
381505
381659
381713
381873
381911
382070
382111
382213
382382
382481
382559
382642
382711
382845
382976
383037
383120
383243
383387
383494
383565
383690
383742
383896
383908
384021
384155
384296
384345
384494
384590
384688
384730
384862
384902
385049
385185
385284
385372
385430
385599
385625
385709
385860
385947
386094
386116
386206
386348
386471
386564
386666
386779
386829
386928
387027
387167
387298
387309
387470
387563
387640
387724
387852
387934
388091
388109
388226
388327
388444
388516
388684
388783
388864
388976
389044
389109
389235
389313
389494
389516
389626
389703
389889
389908
390079
390173
390221
390394
390428
390516
390689
390762
390848
390918
391037
391164
391273
391312
391408
391579
391671
391736
391899
391995
392089
392110
392294
392337
392494
392529
392681
392797
392812
392986
393071
393135
393214
393378
393475
393564
393682
393718
393815
393968
394036
394177
394202
394365
394460
394517
394683
394796
394879
394966
395012
395151
395213
395308
395421
395551
395661
395784
395837
395931
396042
396182
396203
396378
396449
396582
396635
396771
396832
396990
397085
397187
397262
397376
397431
397517
397690
397725
397874
397998
398094
398158
398206
398322
398491
398534
398682
398740
398859
398985
399024
399197
399200
399343
399499
399557
399628
399798
399855
399987
400063
400155
400234
400318
400408
400532
400636
400759
400816
400936
401042
401117
401246
401378
401417
401529
401652
401764
401833
401970
402023
402136
402217
402360
402429
402513
402617
402706
402883
402957
403039
403114
403275
403306
403484
403562
403676
403796
403898
403932
404053
404186
404211
404325
404449
404549
404609
404736
404803
404994
405062
405119
405211
405378
405420
405504
405653
405712
405810
405998
406018
406124
406209
406366
406451
406580
406677
406741
406853
406968
407064
407159
407227
407339
407417
407551
407697
407700
407815
407958
408045
408171
408201
408386
408466
408522
408638
408709
408853
408960
409010
409198
409265
409373
409479
409519
409615
409779
409858
409981
410058
410189
410258
410326
410490
410535
410628
410798
410804
410977
411014
411120
411214
411305
411453
411599
411623
411712
411854
411906
412037
412165
412292
412305
412437
412595
412692
412783
412824
412972
413031
413152
413277
413398
413465
413511
413695
413717
413859
413990
414032
414192
414214
414382
414424
414562
414604
414730
414816
414977
415004
415127
415260
415383
415421
415555
415668
415795
415804
415972
416074
416131
416204
416360
416481
416512
416628
416718
416881
416967
417055
417167
417215
417392
417472
417595
417602
417744
417856
417904
418020
418121
418212
418346
418447
418521
418637
418768
418835
418939
419000
419126
419252
419344
419484
419560
419618
419746
419899
419908
420025
420143
420280
420309
420412
420521
420674
420744
420862
420909
421033
421187
421247
421335
421431
421577
421609
421753
421848
421908
422046
422183
422283
422319
422455
422567
422692
422712
422803
422925
423034
423177
423243
423395
423438
423520
423606
423744
423899
423925
424024
424183
424221
424349
424440
424559
424616
424760
424811
424905
425038
425135
425265
425306
425425
425549
425602
425743
425884
425969
426082
426103
426226
426385
426462
426537
426604
426773
426843
426920
427088
427185
427277
427332
427466
427593
427649
427725
427832
427937
428088
428194
428278
428366
428457
428568
428671
428752
428862
428934
429096
429193
429230
429327
429410
429583
429654
429786
429880
429974
430054
430177
430259
430313
430473
430561
430669
430759
430869
430934
431089
431186
431209
431308
431485
431540
431604
431726
431804
431977
432022
432195
432231
432310
432471
432538
432646
432796
432872
432907
433068
433149
433223
433304
433419
433596
433635
433770
433890
433951
434012
434118
434201
434391
434489
434587
434655
434725
434871
434983
435020
435124
435283
435313
435434
435502
435613
435746
435863
435943
436012
436182
436257
436377
436442
436576
436612
436728
436884
436943
437085
437174
437230
437383
437471
437553
437601
437723
437832
437945
438018
438175
438211
438361
438437
438565
438657
438723
438876
438919
439003
439125
439213
439388
439442
439550
439650
439758
439894
439955
440075
440151
440261
440358
440479
440552
440668
440772
440888
440928
441052
441140
441270
441315
441414
441547
441607
441756
441856
441956
442036
442148
442257
442334
442448
442580
442641
442708
442873
442981
443066
443113
443268
443324
443467
443597
443687
443726
443810
443932
444019
444190
444278
444342
444425
444507
444612
444799
444849
444944
445035
445106
445277
445397
445438
445597
445696
445756
445808
445964
446090
446118
446231
446339
446493
446597
446647
446750
446850
446991
447055
447116
447202
447397
447451
447556
447689
447765
447897
447981
448056
448198
448261
448315
448447
448503
448604
448739
448802
448919
449036
449120
449249
449312
449493
449557
449651
449709
449889
449977
450052
450111
450291
450305
450476
450544
450699
450724
450832
450932
451045
451160
451212
451330
451444
451525
451630
451717
451861
451960
452073
452104
452208
452322
452462
452547
452649
452703
452881
452962
453013
453190
453249
453392
453420
453575
453633
453757
453841
453916
454028
454165
454297
454305
454444
454576
454617
454722
454862
454911
455016
455163
455210
455385
455486
455513
455605
455756
455822
455972
456077
456194
456278
456329
456478
456505
456620
456769
456866
456998
457063
457155
457263
457338
457452
457551
457604
457731
457899
457996
458024
458162
458254
458370
458476
458568
458648
458713
458834
458938
459012
459161
459247
459370
459433
459599
459625
459771
459878
459960
460063
460197
460283
460357
460427
460518
460618
460739
460881
460909
461001
461114
461222
461354
461433
461502
461652
461727
461823
461994
462017
462174
462220
462325
462420
462562
462654
462738
462887
462952
463015
463103
463263
463308
463486
463514
463682
463746
463876
463989
464031
464133
464250
464357
464445
464597
464696
464746
464825
464976
465063
465108
465278
465355
465484
465577
465679
465770
465857
465916
466028
466108
466265
466372
466463
466544
466616
466743
466850
466945
467045
467197
467249
467354
467439
467539
467669
467742
467835
467976
468020
468180
468256
468384
468410
468505
468658
468757
468813
468998
469081
469168
469229
469350
469466
469584
469602
469781
469860
469958
470090
470140
470217
470358
470420
470570
470672
470725
470871
470990
471095
471132
471257
471311
471449
471525
471643
471769
471838
471945
472078
472102
472256
472302
472436
472534
472646
472762
472817
472943
473060
473141
473285
473394
473453
473557
473647
473747
473829
473928
474093
474139
474211
474328
474447
474569
474696
474746
474838
474998
475078
475192
475237
475366
475428
475526
475698
475724
475811
475932
476031
476170
476202
476371
476429
476511
476663
476761
476899
476962
477093
477115
477296
477312
477451
477582
477690
477778
477811
477957
478035
478180
478224
478339
478406
478586
478689
478785
478816
478910
479099
479155
479261
479390
479499
479528
479609
479760
479893
479911
480067
480135
480249
480346
480469
480586
480631
480778
480883
480941
481014
481122
481270
481348
481419
481513
481678
481733
481897
481997
482060
482185
482265
482354
482438
482546
482694
482700
482849
482908
483019
483191
483264
483378
483473
483545
483654
483760
483892
483942
484086
484144
484215
484367
484416
484570
484676
484715
484801
484989
485098
485124
485263
485343
485445
485518
485667
485728
485849
485940
486048
486128
486287
486312
486441
486507
486657
486744
486877
486947
487097
487152
487258
487349
487400
487581
487603
487701
487874
487913
488086
488180
488214
488397
488486
488575
488608
488707
488863
488935
489010
489106
489232
489359
489451
489511
489639
489742
489837
489936
490080
490174
490231
490308
490496
490578
490658
490753
490856
490993
491089
491146
491229
491315
491495
491536
491647
491782
491861
491921
492079
492170
492218
492348
492432
492557
492618
492732
492829
492935
493080
493127
493225
493317
493492
493503
493639
493773
493841
493990
494004
494154
494281
494387
494404
494555
494673
494717
494872
494947
495012
495179
495259
495302
495485
495549
495644
495791
495805
495903
496016
496101
496239
496359
496438
496565
496670
496737
496835
496963
497045
497196
497217
497317
497402
497500
497696
497790
497866
497984
498071
498166
498234
498374
498454
498515
498606
498701
498824
498908
499058
499147
499288
499338
499426
499531
499637
499785
499856
499978
500010
500105
500201
500323
500461
500550
500601
500712
500808
500949
501012
501110
501234
501344
501490
501513
501628
501766
501863
501916
502084
502181
502271
502316
502432
502532
502677
502791
502876
502934
503023
503181
503261
503321
503439
503571
503666
503736
503861
503988
504017
504116
504296
504389
504492
504593
504696
504753
504826
504989
505038
505106
505248
505349
505488
505520
505640
505745
505859
505919
506053
506119
506257
506303
506455
506564
506625
506720
506806
506947
507003
507116
507210
507330
507478
507559
507652
507751
507896
507966
508004
508161
508288
508396
508452
508552
508675
508701
508846
508979
509013
509144
509219
509312
509412
509568
509678
509790
509860
509915
510087
510180
510265
510331
510441
510589
510606
510727
510808
510944
511055
511139
511225
511393
511424
511556
511652
511751
511898
511951
512019
512131
512283
512388
512493
512554
512636
512771
512814
512998
513051
513170
513219
513382
513449
513574
513678
513796
513815
513933
514007
514192
514216
514321
514469
514519
514636
514724
514828
514946
515068
515128
515281
515373
515481
515549
515645
515752
515851
515909
516024
516130
516207
516347
516429
516505
516607
516773
516866
516934
517086
517121
517204
517378
517459
517548
517674
517722
517842
517939
518096
518183
518281
518350
518456
518565
518695
518774
518878
518999
519015
519169
519239
519329
519441
519581
519648
519730
519809
519911
520052
520177
520231
520340
520477
520566
520620
520707
520849
520921
521079
521125
521269
521348
521442
521593
521635
521707
521828
521903
522068
522154
522275
522316
522412
522574
522695
522732
522878
522984
523045
523121
523225
523387
523414
523520
523661
523769
523848
523943
524069
524174
524211
524378
524457
524569
524610
524795
524851
524915
525085
525152
525270
525310
525415
525530
525635
525771
525801
525905
526086
526128
526226
526319
526441
526517
526690
526751
526812
526918
527090
527140
527271
527343
527482
527595
527601
527729
527853
527965
528043
528129
528286
528333
528426
528569
528696
528779
528855
528954
529085
529170
529299
529369
529476
529548
529683
529756
529869
529908
530030
530194
530242
530353
530402
530557
530691
530726
530825
530912
531056
531138
531244
531364
531471
531559
531627
531710
531881
531930
532076
532104
532253
532373
532447
532516
532644
532785
532827
532958
533005
533127
533207
533388
533453
533519
533671
533781
533803
533913
534057
534147
534298
534316
534461
534582
534651
534720
534845
534958
535054
535152
535247
535333
535498
535525
535669
535747
535873
535994
536090
536188
536215
536364
536459
536592
536674
536702
536833
536925
537090
537131
537246
537333
537483
537500
537607
537749
537828
537962
538056
538143
538232
538324
538428
538529
538676
538798
538885
538981
539011
539186
539276
539382
539466
539572
539694
539775
539821
539989
540038
540126
540256
540392
540486
540518
540675
540790
540805
540931
541024
541180
541244
541321
541458
541503
541646
541756
541835
541900
542091
542187
542283
542394
542408
542543
542648
542793
542800
542908
543086
543101
543266
543348
543440
543548
543639
543763
543855
543981
544032
544110
544283
544318
544441
544571
544604
544769
544898
544994
545094
545187
545246
545380
545432
545590
545615
545733
545803
545985
546097
546104
546254
546318
546434
546566
546600
546783
546859
546943
547078
547162
547268
547335
547419
547572
547687
547773
547846
547941
548019
548155
548254
548335
548408
548529
548642
548717
548844
548951
549004
549159
549213
549354
549464
549559
549609
549778
549878
549934
550011
550155
550296
550392
550456
550530
550638
550759
550890
550996
551037
551176
551262
551394
551463
551569
551600
551760
551881
551972
552028
552176
552235
552335
552440
552502
552632
552781
552872
552935
553011
553135
553264
553350
553481
553585
553616
553783
553874
553997
554006
554111
554268
554382
554490
554569
554617
554768
554854
554984
555054
555154
555242
555342
555471
555589
555638
555705
555839
555939
556027
556100
556294
556340
556456
556561
556622
556735
556869
556926
557029
557132
557267
557386
557431
557519
557612
557715
557811
557928
558026
558146
558295
558396
558499
558599
558658
558793
558887
558910
559036
559159
559213
559387
559453
559576
559685
559739
559818
559918
560095
560195
560231
560335
560474
560502
560610
560798
560871
560983
561087
561141
561272
561365
561423
561538
561646
561788
561834
561996
562083
562198
562295
562358
562411
562518
562686
562771
562885
562956
563038
563115
563273
563318
563466
563554
563677
563779
563814
563947
564044
564150
564211
564351
564425
564594
564663
564708
564836
564997
565076
565172
565226
565380
565488
565555
565604
565770
565882
565958
566070
566165
566284
566350
566404
566542
566688
566721
566857
566983
567006
567160
567238
567376
567460
567594
567699
567712
567805
567961
568068
568166
568259
568391
568465
568508
568668
568712
568824
568975
569037
569107
569259
569397
569426
569547
569607
569733
569838
569924
570066
570169
570275
570387
570482
570537
570697
570799
570811
570999
571076
571182
571243
571339
571461
571596
571670
571747
571870
571914
572017
572177
572278
572348
572427
572501
572635
572701
572807
572917
573036
573144
573265
573374
573487
573508
573684
573721
573888
573952
574061
574136
574276
574366
574429
574556
574660
574731
574870
574952
575002
575192
575288
575328
575447
575591
575636
575776
575828
575928
576079
576151
576266
576319
576432
576596
576644
576769
576847
576936
577059
577179
577217
577330
577458
577546
577661
577745
577853
577908
578026
578164
578241
578316
578456
578500
578634
578710
578885
578990
579023
579174
579204
579376
579443
579567
579676
579742
579865
579984
580003
580170
580219
580387
580431
580530
580601
580734
580891
580998
581056
581124
581236
581306
581486
581599
581654
581733
581876
581924
582090
582196
582210
582389
582425
582590
582628
582719
582810
582957
583071
583145
583297
583339
583488
583528
583660
583707
583837
583905
584020
584162
584205
584317
584473
584551
584613
584764
584821
584995
585008
585125
585250
585341
585421
585582
585659
585738
585821
585995
586012
586160
586260
586314
586445
586575
586661
586779
586854
586981
587022
587157
587280
587351
587471
587533
587674
587781
587886
587921
588015
588141
588212
588374
588475
588506
588666
588780
588809
588928
589046
589120
589287
589364
589415
589517
589682
589737
589836
589970
590054
590109
590297
590339
590454
590523
590655
590779
590805
590995
591010
591107
591288
591365
591442
591529
591696
591702
591879
591972
592092
592199
592275
592356
592488
592572
592609
592758
592861
592943
593047
593155
593213
593366
593413
593598
593647
593783
593809
593915
594064
594118
594204
594337
594497
594569
594631
594748
594865
594945
595015
595146
595263
595301
595431
595597
595685
595736
595899
595907
596005
596195
596295
596320
596473
596537
596682
596700
596882
596952
597081
597165
597277
597332
597412
597564
597693
597758
597883
597922
598002
598132
598223
598325
598439
598565
598699
598709
598860
598945
599018
599141
599231
599342
599463
599579
599656
599777
599893
599937
600060
600156
600230
600397
600482
600577
600683
600712
600809
600921
601089
601131
601203
601354
601413
601594
601648
601710
601899
601994
602088
602130
602237
602359
602490
602540
602633
602767
602876
602986
603013
603179
603292
603336
603426
603528
603677
603776
603887
603953
604053
604120
604283
604383
604400
604500
604687
604713
604861
604978
605059
605103
605204
605304
605445
605563
605643
605777
605895
605913
606062
606193
606294
606368
606495
606580
606611
606740
606800
606917
607098
607118
607248
607324
607467
607526
607661
607753
607841
607989
608086
608195
608286
608357
608498
608510
608649
608758
608833
608921
609046
609159
609247
609337
609472
609545
609648
609763
609806
609987
610006
610157
610220
610347
610414
610557
610690
610745
610806
610981
611097
611167
611280
611379
611453
611542
611688
611752
611877
611948
612085
612168
612238
612326
612458
612547
612660
612701
612840
612983
613022
613148
613238
613363
613479
613570
613668
613775
613879
613922
614063
614165
614237
614399
614495
614512
614692
614788
614896
614947
615013
615180
615246
615370
615414
615551
615694
615702
615897
615921
616002
616175
616265
616323
616458
616540
616657
616733
616842
616925
617076
617139
617240
617376
617408
617564
617682
617715
617867
617981
618029
618142
618233
618343
618457
618551
618652
618737
618853
618902
619035
619192
619279
619342
619489
619540
619697
619799
619830
619908
620031
620165
620243
620303
620425
620527
620659
620715
620878
620984
621026
621119
621219
621370
621470
621548
621669
621726
621830
621924
622069
622192
622235
622356
622471
622518
622615
622784
622835
622944
623064
623141
623260
623325
623405
623546
623622
623793
623828
623960
624050
624171
624220
624377
624477
624510
624631
624736
624887
624985
625057
625156
625280
625348
625439
625579
625617
625773
625883
625997
626032
626120
626273
626370
626484
626591
626618
626752
626899
626991
627093
627170
627247
627352
627414
627539
627693
627787
627893
627911
628003
628186
628237
628350
628441
628596
628666
628773
628881
628924
629008
629109
629255
629322
629404
629571
629652
629701
629826
629966
630025
630183
630229
630310
630404
630554
630688
630738
630810
630979
631002
631137
631216
631375
631421
631584
631616
631762
631833
631924
632024
632180
632299
632315
632410
632550
632649
632790
632839
632945
633044
633126
633282
633396
633433
633532
633646
633751
633874
633988
634040
634113
634256
634317
634438
634550
634626
634792
634828
634906
635082
635166
635266
635343
635404
635511
635640
635705
635857
635905
636078
636113
636225
636386
636443
636599
636640
636783
636816
636997
637079
637155
637295
637370
637431
637504
637638
637756
637864
637988
638027
638123
638260
638331
638450
638586
638639
638761
638857
638911
639087
639144
639280
639326
639409
639537
639696
639710
639826
639952
640079
640190
640253
640305
640431
640517
640641
640721
640864
640985
641051
641142
641216
641333
641431
641576
641632
641744
641872
641918
642089
642122
642279
642313
642458
642564
642648
642739
642822
642909
643039
643195
643262
643372
643478
643588
643696
643771
643808
643913
644011
644141
644227
644333
644491
644549
644699
644709
644841
644995
645054
645152
645244
645373
645469
645538
645656
645787
645869
645956
646071
646123
646272
646331
646418
646548
646623
646755
646822
646970
647039
647180
647224
647312
647499
647546
647604
647714
647873
647910
648041
648126
648271
648341
648498
648505
648606
648723
648809
648954
649018
649189
649249
649376
649416
649549
649627
649767
649899
649963
650061
650181
650234
650313
650478
650525
650657
650771
650843
650984
651024
651170
651227
651301
651405
651552
651607
651796
651885
651961
652025
652167
652225
652360
652490
652505
652691
652792
652812
652983
653044
653106
653233
653369
653458
653542
653654
653786
653835
653970
654048
654128
654252
654342
654488
654583
654636
654729
654823
654938
655018
655164
655249
655377
655475
655559
655608
655745
655889
655902
656013
656121
656200
656334
656422
656553
656606
656756
656843
656914
657041
657153
657231
657362
657482
657518
657667
657730
657874
657964
658058
658101
658222
658356
658425
658531
658627
658724
658809
658933
659055
659176
659259
659396
659432
659513
659652
659766
659818
659906
660002
660108
660241
660338
660432
660504
660625
660753
660869
660952
661093
661169
661244
661388
661488
661568
661668
661739
661895
661901
662051
662108
662200
662373
662438
662534
662667
662705
662891
662906
663035
663134
663222
663306
663425
663596
663699
663725
663877
663908
664005
664110
664263
664300
664430
664500
664688
664705
664878
664963
665033
665130
665216
665370
665421
665535
665645
665722
665899
665989
666096
666156
666231
666352
666400
666582
666638
666792
666836
666906
667011
667122
667284
667304
667493
667570
667630
667727
667854
667923
668000
668144
668234
668345
668470
668556
668604
668735
668809
668976
669054
669117
669233
669310
669461
669538
669643
669785
669824
669964
670051
670149
670225
670328
670494
670558
670618
670758
670817
670977
671027
671113
671242
671334
671474
671587
671635
671773
671839
671944
672045
672167
672257
672358
672487
672544
672666
672710
672860
672903
673003
673141
673240
673397
673485
673578
673670
673756
673829
673924
674015
674141
674202
674352
674423
674586
674668
674749
674801
674917
675081
675156
675293
675308
675436
675502
675698
675702
675807
675917
676027
676136
676250
676308
676467
676595
676615
676775
676824
676962
677057
677108
677233
677395
677479
677567
677696
677725
677893
677930
678011
678141
678275
678340
678431
678528
678611
678739
678891
678949
679009
679118
679259
679336
679410
679596
679608
679726
679817
679961
680037
680196
680227
680330
680489
680576
680671
680703
680800
680902
681086
681157
681216
681349
681403
681555
681624
681781
681825
681980
682068
682105
682260
682362
682456
682559
682615
682733
682884
682967
683081
683157
683229
683342
683423
683542
683640
683763
683856
683964
684064
684164
684292
684345
684474
684596
684675
684743
684899
684996
685052
685145
685263
685392
685498
685524
685627
685729
685885
685907
686069
686101
686286
686314
686479
686563
686696
686721
686855
686920
687093
687198
687263
687399
687430
687547
687648
687782
687883
687973
688045
688133
688206
688302
688402
688524
688693
688786
688828
688913
689032
689154
689200
689324
689401
689558
689635
689709
689832
689950
690076
690156
690283
690324
690474
690574
690643
690792
690814
690963
691069
691124
691253
691352
691427
691527
691614
691741
691812
691914
692094
692121
692255
692355
692474
692505
692685
692762
692874
692906
693053
693165
693237
693326
693484
693534
693676
693775
693874
693945
694016
694196
694207
694357
694485
694597
694669
694769
694868
694986
695079
695140
695258
695351
695479
695540
695673
695715
695830
695997
696088
696107
696200
696330
696408
696515
696695
696746
696802
696992
697096
697180
697218
697373
697420
697504
697657
697760
697850
697954
698090
698155
698279
698390
698455
698525
698684
698727
698806
698995
699068
699172
699280
699332
699476
699521
699619
699718
699860
699978
700036
700167
700293
700355
700471
700597
700601
700704
700830
700988
701071
701140
701218
701309
701447
701566
701606
701745
701838
701999
702098
702180
702231
702335
702435
702598
702619
702742
702884
702940
703011
703115
703213
703334
703436
703541
703617
703764
703836
703938
704000
704119
704248
704382
704495
704567
704695
704716
704898
704968
705056
705180
705263
705386
705428
705573
705656
705795
705867
705910
706069
706139
706245
706380
706469
706558
706602
706754
706803
706954
707003
707114
707238
707339
707449
707592
707680
707718
707899
707929
708044
708190
708279
708338
708483
708594
708638
708747
708868
708911
709065
709151
709261
709358
709405
709558
709681
709739
709808
709987
710097
710161
710258
710359
710456
710590
710649
710746
710859
710905
711048
711185
711287
711339
711423
711590
711644
711740
711830
711929
712030
712160
712233
712343
712467
712534
712672
712741
712861
712945
713024
713138
713251
713310
713447
713514
713655
713742
713850
713992
714070
714192
714209
714312
714420
714599
714680
714782
714852
714902
715050
715154
715235
715325
715483
715545
715637
715702
715896
715936
716004
716120
716286
716309
716422
716563
716636
716711
716891
716920
717010
717179
717287
717384
717414
717581
717670
717714
717822
717988
718097
718158
718292
718331
718455
718578
718622
718777
718894
718971
719007
719120
719219
719371
719432
719542
719688
719787
719812
719993
720083
720128
720277
720386
720457
720597
720612
720709
720846
720947
721032
721155
721297
721384
721428
721588
721664
721726
721831
721907
722049
722199
722296
722385
722485
722572
722600
722763
722870
722983
723000
723181
723248
723398
723461
723565
723692
723717
723869
723963
724039
724120
724243
724335
724487
724555
724608
724756
724837
724919
725070
725164
725228
725349
725428
725506
725674
725714
725895
725919
726060
726178
726230
726339
726413
726582
726636
726740
726839
726922
727068
727149
727234
727335
727471
727524
727698
727711
727858
727924
728092
728171
728247
728366
728430
728522
728637
728764
728896
728900
729053
729191
729286
729308
729416
729566
729663
729708
729827
729971
730028
730180
730242
730372
730499
730542
730676
730746
730872
730973
731057
731180
731229
731367
731426
731527
731679
731793
731886
731951
732028
732199
732261
732381
732444
732530
732605
732751
732805
732988
733006
733162
733202
733322
733489
733519
733665
733751
733886
733902
734016
734104
734233
734383
734413
734579
734602
734782
734835
734955
735032
735138
735217
735352
735489
735527
735683
735783
735866
735962
736036
736193
736293
736345
736441
736540
736656
736728
736872
736963
737048
737170
737293
737384
737487
737558
737632
737700
737860
737987
738042
738139
738232
738378
738433
738513
738663
738795
738817
738900
739006
739114
739215
739325
739424
739517
739609
739738
739823
739956
740090
740115
740299
740328
740469
740542
740682
740737
740833
740956
741096
741126
741220
741369
741475
741595
741628
741723
741880
741903
742023
742184
742237
742316
742479
742546
742638
742721
742886
742950
743022
743154
743232
743385
743495
743547
743675
743725
743810
743963
744057
744179
744274
744316
744408
744502
744681
744744
744851
744990
745080
745114
745274
745368
745459
745520
745687
745734
745864
745969
746032
746117
746202
746343
746488
746518
746663
746735
746815
746950
747076
747189
747299
747363
747401
747547
747696
747713
747844
747994
748033
748170
748266
748320
748408
748519
748633
748793
748848
748907
749038
749181
749243
749305
749434
749519
749626
749705
749833
749968
750085
750124
750207
750346
750451
750519
750634
750737
750860
750947
751098
751153
751211
751351
751415
751586
751686
751773
751854
751968
752013
752146
752207
752325
752475
752593
752655
752738
752885
752988
753019
753155
753249
753300
753435
753503
753679
753723
753861
753965
754082
754119
754206
754320
754461
754576
754684
754738
754865
754987
755030
755192
755219
755355
755477
755586
755664
755762
755847
755971
756050
756110
756294
756350
756423
756565
756648
756700
756848
756910
757046
757155
757283
757309
757484
757500
757610
757703
757890
757966
758047
758148
758225
758322
758498
758522
758694
758754
758822
758995
759028
759134
759280
759354
759454
759511
759647
759751
759815
759957
760053
760113
760221
760371
760479
760562
760653
760709
760822
760955
761000
761117
761266
761356
761412
761550
761609
761799
761815
761923
762017
762165
762201
762301
762488
762522
762678
762777
762845
762931
763079
763133
763259
763301
763425
763529
763602
763705
763859
763974
764018
764179
764248
764399
764488
764524
764630
764736
764885
764994
765016
765196
765241
765358
765427
765518
765649
765740
765847
765908
766013
766188
766232
766345
766477
766544
766651
766793
766804
766987
767089
767168
767290
767328
767444
767528
767699
767744
767860
767979
768057
768198
768280
768353
768403
768537
768665
768770
768808
768922
769070
769148
769223
769362
769454
769572
769641
769799
769839
769924
770017
770139
770248
770366
770425
770547
770662
770752
770861
770954
771096
771176
771261
771393
771496
771566
771609
771792
771863
771956
772097
772150
772296
772394
772483
772590
772674
772708
772807
772922
773005
773173
773294
773301
773478
773521
773676
773758
773806
773931
774056
774161
774252
774382
774478
774505
774613
774735
774824
774943
775041
775137
775226
775369
775448
775588
775665
775756
775807
775958
776076
776181
776204
776320
776409
776510
776646
776741
776870
776962
777018
777130
777235
777378
777487
777566
777600
777768
777804
777937
778028
778114
778212
778369
778474
778539
778697
778764
778897
778931
779057
779113
779223
779360
779405
779557
779699
779729
779816
779926
780083
780163
780244
780352
780477
780579
780638
780740
780826
780936
781020
781106
781230
781354
781439
781503
781643
781752
781890
781973
782024
782147
782205
782311
782409
782515
782605
782724
782849
782967
783040
783179
783297
783377
783409
783581
783692
783780
783867
783956
784089
784174
784263
784364
784440
784567
784694
784708
784817
784924
785076
785163
785228
785332
785402
785509
785638
785769
785889
785989
786021
786123
786299
786373
786465
786507
786605
786729
786819
786903
787008
787185
787264
787326
787415
787518
787659
787775
787845
787976
788061
788182
788211
788326
788406
788599
788644
788718
788805
788900
789016
789117
789236
789334
789440
789523
789626
789703
789876
789928
790050
790175
790289
790331
790404
790524
790638
790748
790864
790904
791049
791194
791287
791328
791466
791510
791682
791788
791871
791979
792043
792178
792272
792343
792491
792586
792624
792782
792854
792996
793009
793182
793221
793349
793492
793560
793605
793772
793884
793991
794009
794190
794273
794391
794462
794512
794678
794755
794861
794905
795032
795116
795255
795305
795494
795587
795632
795730
795873
795942
796025
796197
796238
796316
796491
796539
796647
796798
796854
796910
797071
797129
797228
797340
797453
797566
797623
797720
797804
797974
798009
798189
798226
798320
798437
798571
798646
798725
798865
798971
799077
799142
799228
799343
799401
799529
799642
799793
799857
799986
800007
800174
800253
800392
800407
800514
800666
800789
800845
800970
801041
801174
801247
801397
801457
801556
801659
801793
801828
801941
802016
802144
802296
802304
802410
802551
802602
802752
802805
802985
803075
803127
803289
803320
803439
803526
803696
803765
803863
803958
804073
804175
804280
804371
804412
804527
804630
804720
804862
804919
805000
805135
805235
805330
805460
805509
805684
805747
805843
805963
806064
806190
806227
806374
806491
806543
806681
806705
806849
806968
807064
807117
807270
807384
807412
807577
807614
807771
807896
807956
808069
808137
808249
808380
808496
808555
808655
808712
808890
808948
809078
809185
809291
809301
809427
809563
809666
809777
809819
809912
810056
810108
810293
810363
810417
810551
810616
810764
810839
810992
811083
811167
811237
811335
811416
811558
811649
811722
811860
811935
812031
812174
812216
812315
812450
812536
812663
812781
812806
812920
813044
813128
813248
813352
813439
813592
813685
813757
813813
813972
814081
814130
814299
814393
814485
814549
814609
814775
814849
814936
815039
815107
815287
815385
815453
815575
815629
815751
815865
815993
816030
816149
816218
816375
816436
816593
816617
816728
816863
816966
817079
817146
817226
817346
817401
817596
817634
817751
817827
817930
818099
818152
818245
818339
818464
818557
818669
818799
818812
818961
819091
819147
819275
819313
819415
819574
819646
819745
819827
819910
820038
820161
820297
820337
820405
820583
820688
820738
820823
820945
821076
821119
821293
821367
821457
821576
821623
821702
821880
821986
822055
822146
822296
822330
822452
822558
822615
822758
822817
822959
823094
823163
823255
823396
823401
823508
823657
823757
823820
823975
824086
824190
824246
824310
824470
824548
824655
824758
824802
824911
825097
825192
825210
825315
825429
825567
825689
825737
825868
825994
826097
826152
826245
826390
826425
826586
826669
826725
826824
826901
827010
827109
827243
827340
827474
827580
827610
827743
827855
827932
828045
828174
828293
828393
828410
828527
828688
828706
828848
828902
829016
829162
829265
829310
829496
829545
829645
829742
829806
829988
830028
830190
830217
830381
830423
830505
830676
830779
830836
830973
831082
831147
831295
831313
831472
831521
831641
831794
831883
831962
832022
832176
832285
832398
832443
832577
832699
832769
832835
832906
833019
833199
833251
833305
833405
833542
833638
833778
833855
833973
834046
834169
834231
834343
834493
834566
834649
834792
834884
834945
835097
835180
835278
835353
835421
835598
835626
835748
835823
835957
836074
836192
836202
836379
836488
836565
836670
836754
836827
836991
837085
837189
837251
837387
837435
837555
837614
837775
837838
837947
838043
838151
838283
838320
838401
838548
838624
838711
838870
838903
839023
839155
839270
839305
839481
839513
839607
839794
839841
839922
840082
840172
840272
840347
840451
840504
840628
840788
840859
840909
841037
841185
841243
841325
841488
841557
841646
841752
841800
841972
842083
842195
842299
842316
842461
842509
842693
842796
842879
842925
843057
843106
843276
843397
843433
843515
843618
843720
843884
843994
844091
844108
844227
844345
844442
844534
844672
844748
844847
844995
845015
845112
845225
845335
845412
845503
845656
845728
845882
845912
846070
846106
846254
846365
846457
846542
846615
846774
846860
846914
847022
847116
847271
847320
847484
847561
847653
847775
847899
847920
848076
848123
848286
848361
848472
848515
848660
848737
848865
848982
849044
849109
849295
849371
849400
849536
849676
849763
849872
849954
850045
850118
850259
850343
850447
850581
850675
850705
850861
850982
851018
851131
851270
851321
851401
851518
851680
851700
851834
851902
852008
852119
852278
852399
852490
852514
852612
852783
852866
852988
853022
853161
853253
853396
853477
853574
853630
853755
853889
853967
854080
854122
854236
854330
854432
854553
854635
854772
854865
854997
855071
855142
855260
855327
855461
855531
855651
855755
855889
855981
856094
856196
856294
856346
856448
856589
856670
856799
856840
856986
857054
857128
857287
857341
857465
857564
857635
857751
857802
857949
858079
858127
858297
858364
858446
858549
858637
858707
858822
858921
859027
859139
859233
859349
859480
859569
859666
859765
859878
859988
860018
860113
860266
860349
860435
860595
860657
860727
860827
860927
861088
861191
861262
861357
861402
861537
861653
861715
861834
861985
862071
862184
862243
862396
862498
862545
862667
862730
862879
862927
863031
863193
863276
863338
863477
863529
863626
863776
863825
863988
864087
864109
864234
864376
864434
864564
864625
864736
864842
864932
865088
865136
865206
865337
865488
865541
865650
865754
865861
865901
866023
866143
866251
866363
866409
866547
866686
866756
866894
866933
867048
867199
867203
867381
867496
867566
867603
867703
867807
867902
868092
868151
868246
868316
868427
868543
868606
868730
868820
868902
869052
869114
869207
869325
869497
869574
869633
869769
869847
869978
870074
870170
870211
870339
870481
870539
870649
870784
870886
870926
871006
871175
871272
871381
871433
871509
871622
871779
871806
871971
872045
872106
872253
872338
872477
872574
872670
872758
872805
872909
873054
873159
873281
873305
873476
873569
873630
873770
873823
873990
874029
874198
874233
874350
874418
874578
874641
874723
874899
874928
875098
875143
875228
875390
875455
875500
875614
875782
875868
875958
876045
876197
876231
876344
876453
876508
876645
876712
876836
876904
877080
877177
877237
877306
877444
877524
877621
877742
877873
877975
878010
878190
878272
878395
878458
878554
878668
878756
878802
878944
879005
879139
879268
879330
879428
879571
879660
879735
879849
879989
880007
880139
880237
880303
880418
880562
880620
880737
880829
880981
881047
881155
881204
881386
881476
881534
881607
881750
881834
881966
882058
882136
882209
882364
882499
882584
882607
882758
882868
882945
883025
883192
883298
883353
883405
883514
883677
883779
883876
883916
884011
884131
884249
884393
884487
884563
884676
884777
884830
884914
885006
885142
885232
885355
885402
885530
885689
885787
885865
885904
886088
886186
886231
886348
886482
886560
886642
886793
886828
886909
887084
887182
887274
887308
887484
887564
887656
887722
887854
887952
888003
888149
888220
888376
888441
888548
888666
888761
888843
888942
889086
889181
889256
889327
889493
889587
889614
889725
889818
889948
890096
890102
890257
890379
890400
890540
890680
890720
890839
890926
891089
891162
891259
891397
891472
891529
891662
891783
891860
891917
892084
892111
892222
892349
892479
892527
892687
892734
892831
892940
893042
893131
893254
893361
893449
893578
893638
893707
893808
893930
894093
894175
894254
894397
894494
894548
894645
894744
894845
894961
895012
895121
895217
895325
895496
895597
895619
895771
895843
895976
896064
896197
896258
896390
896488
896587
896690
896708
896866
896996
897038
897100
897280
897342
897452
897562
897659
897716
897824
897989
898008
898137
898231
898390
898494
898527
898618
898715
898891
898946
899019
899179
899202
899332
899493
899554
899696
899726
899800
899969
900004
900121
900236
900388
900405
900542
900647
900748
900843
900979
901089
901104
901233
901308
901452
901531
901630
901739
901838
901993
902003
902172
902262
902336
902417
902516
902624
902713
902824
902917
903053
903100
903287
903300
903463
903593
903657
903780
903891
903917
904045
904194
904224
904393
904402
904565
904671
904741
904809
904995
905020
905190
905263
905318
905441
905590
905624
905711
905856
905913
906086
906181
906287
906386
906416
906550
906667
906766
906874
906979
907060
907141
907294
907385
907496
907556
907649
907797
907881
907988
908056
908120
908222
908342
908455
908555
908698
908754
908835
908920
909066
909145
909252
909313
909493
909594
909650
909703
909859
909934
910078
910131
910227
910354
910461
910588
910691
910730
910864
910906
911021
911183
911282
911314
911422
911545
911619
911760
911835
911920
912015
912162
912209
912377
912492
912574
912604
912714
912870
912919
913092
913162
913251
913349
913423
913582
913663
913731
913879
913965
914049
914139
914215
914375
914456
914525
914617
914755
914871
914952
915092
915171
915204
915342
915476
915501
915685
915715
915870
915943
916055
916126
916234
916383
916455
916504
916669
916722
916851
916922
917044
917147
917218
917374
917431
917508
917698
917793
917859
917976
918039
918128
918299
918324
918425
918585
918682
918725
918814
918981
919077
919184
919206
919316
919433
919538
919696
919701
919883
919937
920054
920165
920212
920327
920482
920515
920630
920738
920843
920974
921016
921129
921235
921382
921470
921583
921618
921713
921808
921946
922065
922170
922249
922371
922454
922513
922621
922769
922856
922971
923047
923184
923203
923388
923426
923533
923697
923714
923815
923952
924040
924132
924215
924333
924491
924581
924632
924707
924869
924955
925046
925159
925213
925385
925408
925525
925608
925785
925873
925914
926097
926198
926217
926375
926415
926598
926673
926793
926886
926924
927058
927174
927212
927314
927438
927580
927691
927706
927838
927957
928083
928187
928283
928303
928494
928591
928600
928718
928824
928955
929098
929160
929213
929331
929475
929565
929694
929705
929862
929936
930035
930140
930299
930306
930492
930558
930655
930778
930811
930967
931006
931105
931286
931301
931417
931572
931675
931758
931840
931981
932033
932137
932284
932319
932427
932561
932691
932735
932842
932903
933000
933160
933299
933383
933467
933598
933695
933702
933883
933923
934099
934132
934258
934302
934418
934561
934658
934794
934818
934926
935068
935175
935283
935301
935475
935576
935654
935741
935868
935924
936014
936145
936273
936379
936438
936500
936649
936770
936890
936948
937057
937104
937224
937312
937429
937593
937614
937738
937875
937951
938078
938170
938229
938387
938487
938569
938614
938729
938888
938974
939042
939138
939256
939311
939467
939524
939628
939784
939817
939904
940072
940182
940271
940323
940400
940535
940624
940709
940887
940990
941027
941124
941279
941382
941406
941506
941689
941791
941847
941932
942040
942145
942278
942335
942485
942565
942651
942743
942816
942930
943000
943190
943286
943381
943427
943558
943648
943714
943890
943968
944057
944188
944288
944346
944481
944531
944631
944712
944876
944956
945052
945156
945202
945309
945459
945543
945624
945779
945857
945992
946036
946130
946269
946392
946439
946589
946642
946744
946877
946948
947047
947108
947238
947323
947436
947544
947672
947728
947861
947908
948076
948124
948297
948301
948418
948534
948629
948719
948861
948961
949049
949120
949263
949361
949460
949523
949680
949778
949855
949985
950033
950125
950239
950369
950437
950512
950664
950766
950848
950937
951055
951108
951250
951391
951492
951559
951667
951701
951881
951967
952073
952179
952262
952309
952445
952530
952673
952723
952848
952916
953096
953137
953249
953358
953467
953568
953696
953748
953852
953904
954077
954191
954237
954305
954490
954549
954688
954702
954831
954949
955034
955111
955268
955373
955474
955509
955618
955794
955853
955968
956060
956191
956251
956380
956446
956519
956666
956721
956899
956921
957044
957122
957283
957393
957463
957574
957691
957793
957816
957958
958085
958194
958220
958374
958485
958574
958691
958703
958830
958980
959039
959165
959200
959379
959457
959511
959626
959762
959812
959992
960027
960196
960295
960301
960438
960528
960606
960785
960838
960993
961029
961148
961253
961321
961455
961565
961633
961708
961817
961995
962082
962124
962255
962391
962455
962563
962626
962756
962831
962937
963013
963152
963276
963341
963426
963539
963614
963715
963857
963991
964082
964184
964230
964331
964431
964558
964676
964768
964823
964941
965042
965173
965204
965351
965466
965514
965657
965761
965838
965985
966051
966144
966286
966334
966465
966564
966649
966710
966827
966959
967092
967111
967248
967317
967493
967570
967667
967743
967894
967942
968040
968183
968264
968329
968489
968596
968623
968737
968855
968943
969048
969121
969224
969338
969462
969557
969670
969768
969892
969981
970013
970195
970255
970302
970499
970522
970684
970776
970813
970942
971033
971112
971259
971320
971476
971519
971649
971704
971874
971921
972013
972163
972233
972352
972444
972559
972646
972771
972844
972995
973054
973192
973292
973399
973411
973596
973608
973785
973868
973926
974029
974131
974229
974393
974401
974513
974690
974728
974852
974962
975079
975133
975234
975323
975461
975514
975681
975772
975828
975925
976003
976196
976253
976335
976453
976520
976699
976724
976887
976943
977025
977153
977219
977369
977455
977590
977638
977758
977822
977915
978062
978130
978263
978347
978439
978512
978652
978744
978877
978928
979066
979150
979254
979382
979403
979558
979638
979781
979880
979939
980087
980136
980235
980354
980420
980584
980626
980775
980829
980983
981067
981176
981216
981341
981489
981516
981647
981774
981810
981969
982026
982148
982275
982348
982406
982523
982697
982710
982844
982962
983060
983105
983252
983376
983489
983583
983698
983769
983802
983955
984058
984144
984231
984335
984412
984554
984625
984751
984863
984989
985050
985120
985223
985303
985456
985572
985694
985761
985898
985905
986020
986104
986229
986309
986447
986531
986609
986706
986830
986911
987004
987108
987218
987361
987464
987596
987671
987770
987868
987918
988034
988105
988281
988323
988448
988537
988631
988709
988803
988957
989008
989149
989232
989379
989414
989556
989620
989713
989841
989934
990080
990199
990251
990363
990421
990561
990639
990723
990818
990904
991069
991178
991245
991366
991467
991565
991668
991783
991878
991932
992052
992191
992229
992309
992481
992581
992640
992722
992854
992950
993025
993183
993296
993368
993471
993503
993666
993742
993835
993941
994083
994133
994216
994370
994479
994587
994656
994794
994873
994916
995033
995173
995282
995311
995402
995557
995640
995765
995826
995994
996061
996141
996275
996309
996431
996502
996636
996746
996841
996910
997062
997101
997228
997380
997413
997571
997697
997750
997851
997995
998038
998105
998246
998364
998492
998541
998655
998770
998875
998968
999076
999141
999254
999360
999473
999585
999603
999754
999815
999913
